-1.802900576116597542e-01
-1.648426129503696991e-01
-1.459083283747394932e-01
-1.337553609718670766e-01
-9.824978567609667091e-02
-1.796566002815686014e-02
2.274957144269201814e-03
7.189135450887951251e-02
7.192531969741561282e-02
1.080459177102409685e-01
1.137611994076744848e-01
1.145765260317853085e-01
2.089363792800004171e-01
2.596861878677827473e-01
2.776884383030617798e-01
3.444259027402231665e-01
3.514344373282213829e-01
3.896688506186694601e-01
3.904442141885742790e-01
3.950701467949844781e-01
4.096186991012594203e-01
4.569839669281424155e-01
4.594342270490687219e-01
5.086914417678325417e-01
5.191715809154551220e-01
5.372310500530148580e-01
5.614315787276318304e-01
6.082827198685587522e-01
6.196671156388611212e-01
6.220694681179654850e-01
6.657968394737538986e-01
7.424059792065982322e-01
7.577204789681075692e-01
7.772342947366541743e-01
7.831422670158982857e-01
7.878110277975300946e-01
8.085418334446303756e-01
8.820404074173380238e-01
1.038436253592511127e+00
1.083021095731013128e+00
1.095310714055955481e+00
1.097476612609490365e+00
1.106821232909327213e+00
1.121639833479870507e+00
1.181915850632696996e+00
1.220867212482322772e+00
1.221667425532116047e+00
1.260541283050547579e+00
1.318994324080679403e+00
1.357762403971774390e+00
1.385088252126931430e+00
1.432146171147196334e+00
1.445773276447125832e+00
1.446887236344053695e+00
1.504126363214093764e+00
1.549934254207566697e+00
1.594506900146639650e+00
1.596754595818115963e+00
1.618379827685607841e+00
1.726471325075751739e+00
1.746470750283996676e+00
1.759926078665758231e+00
1.787147092645621438e+00
1.791700267430942128e+00
1.820557224249561790e+00
1.825074157522637242e+00
1.862470054941723019e+00
1.866201997916730582e+00
1.896182478117174997e+00
1.940278559459909902e+00
1.984733710973492604e+00
2.019312102296376477e+00
2.087910718464285331e+00
2.107756856131485002e+00
2.115402753205548603e+00
2.123968184981912088e+00
2.147720926753218240e+00
2.187459386142138307e+00
2.188005810410327712e+00
2.205109568536274711e+00
2.246550832652614904e+00
2.249233475744893962e+00
2.255820068716564819e+00
2.262082397449815208e+00
2.380716099008544528e+00
2.418579231686060371e+00
2.448235438813514353e+00
2.498666201235126394e+00
2.516373223432936790e+00
2.575289705768488702e+00
2.635664821930017609e+00
2.646599490169384783e+00
2.652756491824745932e+00
2.691712886314769460e+00
2.718140333907785866e+00
2.718228135905059517e+00
2.736847917397686736e+00
2.768182039935885630e+00
2.774453166823191097e+00
2.787453789917533342e+00
2.804143712077393769e+00
2.818664657132609719e+00
2.827656902616691337e+00
2.852440898077776232e+00
2.854234736306735964e+00
2.882391105721316293e+00
2.883970574475407833e+00
2.899979321859430748e+00
2.925818539816931185e+00
2.933914759006220230e+00
2.962996721887658058e+00
2.967657404636224516e+00
2.992848100719077475e+00
2.993877725593176109e+00
3.003862257128606217e+00
3.042605806875400276e+00
3.127952759023824747e+00
3.152224252925070136e+00
3.161294263763708479e+00
3.164367404083690882e+00
3.171583815403030471e+00
3.215741858403979414e+00
3.228431651325556651e+00
3.266825020663335799e+00
3.324863521097222385e+00
3.344821266350693545e+00
3.403638305916024454e+00
3.488539264478152990e+00
3.550893101861797518e+00
3.608384095329262742e+00
3.658877853928721002e+00
3.667836806708948849e+00
3.744512520105189868e+00
3.783238622621708735e+00
3.788218652961541810e+00
3.821550114594858272e+00
3.828262761633440370e+00
3.876757249339862987e+00
3.941002960356031259e+00
3.956448056758107512e+00
3.968476015299338577e+00
3.975891862104734109e+00
4.063615050213084778e+00
4.091845903704666831e+00
4.115888716413388160e+00
4.160326802468900631e+00
4.193263998461412179e+00
4.213232821928602156e+00
4.231459089491164782e+00
4.250836744459796535e+00
4.267462542840505080e+00
4.384606876615586124e+00
4.408911546600854159e+00
4.437113207997928299e+00
4.449229979655187073e+00
4.456842117106800671e+00
4.473974022399076489e+00
4.493561112774251853e+00
4.520097908885133187e+00
4.552587117482386425e+00
4.553805018363804358e+00
4.589534853098092171e+00
4.616872897887874139e+00
4.703292082021531151e+00
4.786432519981555167e+00
4.883822649136001282e+00
4.886288225059414181e+00
4.887532659673084368e+00
4.929688186127490823e+00
4.930001151100626089e+00
4.941899328197337127e+00
4.947399779220286398e+00
5.004422188480362799e+00
5.047406089703965648e+00
5.137118595687788947e+00
5.151870822502771397e+00
5.192406102872116236e+00
5.208089192544082202e+00
5.241508741325102250e+00
5.250718108432205433e+00
5.271663024775174122e+00
5.305525616512466236e+00
5.311360053513343615e+00
5.316633145942524230e+00
5.322254068525532844e+00
5.326761794650657578e+00
5.364879468138679108e+00
5.370410216020801819e+00
5.433409707767699715e+00
5.467687802225581706e+00
5.469858191133179837e+00
5.504983934572556414e+00
5.515563444089654155e+00
5.667447332436662322e+00
5.672912756120371824e+00
5.764163054215772242e+00
5.791811021549762906e+00
5.842571034427990639e+00
5.864001069083434992e+00
5.892090642279817381e+00
5.966417222640153284e+00
5.983066379752861152e+00
6.020460113502753785e+00
6.043068576338361808e+00
6.061200694529619959e+00
6.135319665159912894e+00
6.196504058736191922e+00
6.222280784142649068e+00
6.251648756034511756e+00
6.298740930715781339e+00
6.400526789000195116e+00
6.490362403105302214e+00
6.512746026361872609e+00
6.657274813313082795e+00
6.696122501340252775e+00
6.737662615514405040e+00
6.755690300079353783e+00
6.771314160171167273e+00
6.876715085692225671e+00
6.879350670743112239e+00
6.895192801428541074e+00
6.897174752258244723e+00
6.906441243259876295e+00
6.908736952501589812e+00
6.911194110477974384e+00
6.932190420644632312e+00
6.958332121233301137e+00
7.063972197530487662e+00
7.084298114838571081e+00
7.084682086941365142e+00
7.198843914086316964e+00
7.200021913626290626e+00
7.289048069934676022e+00
7.358114583551048860e+00
7.367461381283749944e+00
7.413398737216009060e+00
7.415180351198469744e+00
7.429699656614509706e+00
7.437210903957081065e+00
7.497345958609183292e+00
7.531194532615088200e+00
7.538900374782606661e+00
7.565176681022105498e+00
7.566030497080990180e+00
7.592611439925319949e+00
7.615885874238251141e+00
7.670708159882590138e+00
7.749153523228715201e+00
7.756314118114892686e+00
7.773705716757134176e+00
7.803315180270685936e+00
7.831958400408107757e+00
7.843448397303380837e+00
7.878963115113777782e+00
7.885294512766196640e+00
7.990505943958308599e+00
8.210552011521526694e+00
8.218434551154926382e+00
8.224848792657475371e+00
8.236151110533564079e+00
8.240268937213123479e+00
8.265835127169815166e+00
8.358273197930586207e+00
8.392541704305376271e+00
8.401733514043591811e+00
8.424753853670422288e+00
8.434299396429992157e+00
8.444440646971131059e+00
8.471251428378607784e+00
8.483464676299556473e+00
8.567226099037975828e+00
8.571096870142827839e+00
8.628705786105443920e+00
8.716671854800004837e+00
8.739052970309137081e+00
8.761623052392621958e+00
8.769756544720179292e+00
8.776400633519573447e+00
8.784458244952286776e+00
8.797242873577324929e+00
8.800389547514102517e+00
8.807759978562867076e+00
8.834452132425987259e+00
8.896282639362803835e+00
8.930869819061030057e+00
8.969206174569791301e+00
8.996652724613587893e+00
9.042505226045067346e+00
9.078339542460176048e+00
9.099718247543792771e+00
9.125029724446054757e+00
9.150317117527475119e+00
9.151143149065392279e+00
9.262098388539429905e+00
9.265709534762237354e+00
9.311603901525417726e+00
9.338640395162189023e+00
9.380833114918633697e+00
9.391683611120077657e+00
9.400220620690683759e+00
9.417735082808077252e+00
9.429451769488531809e+00
9.440086702599964852e+00
9.463413788375524049e+00
9.507741818371469478e+00
9.537445395530996350e+00
9.645620205643139045e+00
9.646614132332400615e+00
9.683863424051262214e+00
9.710262895892531887e+00
9.764447806596246338e+00
9.796792817880051629e+00
9.961111204759824034e+00
9.972514844669634115e+00
9.987111152524697388e+00
