-1.843870894925665471e-01
-1.841000270352038948e-01
-1.516819486977875331e-01
-1.407610049802365815e-01
-7.206943171773400048e-02
-4.458018016263429195e-02
-2.012565558496665075e-02
2.388764500198925500e-03
1.105344535677457718e-02
2.556382665299877788e-01
2.960018569983489112e-01
3.204380798099749073e-01
3.229510959029132100e-01
3.743263651353460619e-01
4.480820672004114935e-01
4.765432323791644609e-01
4.996267197228115298e-01
5.527931558887779762e-01
5.586232298165636490e-01
6.000334333285932686e-01
7.560596907585235282e-01
8.005056035767583733e-01
8.298292624347747282e-01
8.598089733703986326e-01
8.621188383104587682e-01
8.714445310429110858e-01
8.802808960020758189e-01
9.465686345794628309e-01
1.023013973437197910e+00
1.040127338397103030e+00
1.063941162480950720e+00
1.080499189721210396e+00
1.101104665774639946e+00
1.145565941717475500e+00
1.150070480957954278e+00
1.185746512245074991e+00
1.192428633911351676e+00
1.197998366043503848e+00
1.214633613846920035e+00
1.223149070449952358e+00
1.243768967266017711e+00
1.263092878453701662e+00
1.290416230687555954e+00
1.304661234396459646e+00
1.314180235935054508e+00
1.382850327240479960e+00
1.447064580875769835e+00
1.450891824856459733e+00
1.498851510648888885e+00
1.512054512825476982e+00
1.551910944672663328e+00
1.602064006415367059e+00
1.611431136779969631e+00
1.672055480998563937e+00
1.709454540307486337e+00
1.747637130277068351e+00
1.817780628788906894e+00
1.818410038003370088e+00
1.903186739936126637e+00
1.934401926615993750e+00
1.970588081057238705e+00
2.001409098459798752e+00
2.028065162676138122e+00
2.037743328533949239e+00
2.037956028444223744e+00
2.131116047186918827e+00
2.144350845218141011e+00
2.171966945052596021e+00
2.184093508782143367e+00
2.206606093350733211e+00
2.227689519095560566e+00
2.287884175524148578e+00
2.302668591066995951e+00
2.312580472562542955e+00
2.389526364404579883e+00
2.454269868662314558e+00
2.468304850735938416e+00
2.516472720619871151e+00
2.614223246889538110e+00
2.678279087706101791e+00
2.688194167869213835e+00
2.740959193224423274e+00
2.799538158294469170e+00
2.836454220471458232e+00
2.842953998350607137e+00
2.847515860050692904e+00
2.894990236700975217e+00
2.966084875831283441e+00
2.986744850274466678e+00
2.996068943341395840e+00
3.036366747542905031e+00
3.039674758422322931e+00
3.082501203192263173e+00
3.198058744245833473e+00
3.339514406735608620e+00
3.360169425203842763e+00
3.383515321670191867e+00
3.394642330740963221e+00
3.415682151167996672e+00
3.459133677841482069e+00
3.466619129142785471e+00
3.596294805178598786e+00
3.619726898024155926e+00
3.633564011597793630e+00
3.649882559528162762e+00
3.669399580059425681e+00
3.676014634748314247e+00
3.778319743616846527e+00
3.829031675362644549e+00
3.853744396675829798e+00
3.899987333661682598e+00
4.001613208429785296e+00
4.045920417172161443e+00
4.113582333988167861e+00
4.126437445036533092e+00
4.150408379426365535e+00
4.170972113090989808e+00
4.204473661538574270e+00
4.228366718627282417e+00
4.254971445512424566e+00
4.272497612789351251e+00
4.272980913297767636e+00
4.274380595811905437e+00
4.280821176351628843e+00
4.317543340665847218e+00
4.368095871010189590e+00
4.373138046115786715e+00
4.415350250810598176e+00
4.462892149078861337e+00
4.463605953097072643e+00
4.474756397008861519e+00
4.503335691683245656e+00
4.521245237721237764e+00
4.538586214622430504e+00
4.543238285212375160e+00
4.631940432814832143e+00
4.653205857614348240e+00
4.676954933262322811e+00
4.686144524375373877e+00
4.692053605376788283e+00
4.692362572461907355e+00
4.729849056785017325e+00
4.731895423305234161e+00
4.746112071348196793e+00
4.755851260615665765e+00
4.822586945474152564e+00
4.868555550267341658e+00
4.879052409312596872e+00
4.904211379826959316e+00
4.930534694031546650e+00
4.956743368272978678e+00
4.959102465397330128e+00
4.965212386168983194e+00
4.968710470716627192e+00
5.035065899440904325e+00
5.050113264503440114e+00
5.053925341110433678e+00
5.059556891418520941e+00
5.079616359349865995e+00
5.090667544181298076e+00
5.107313451225754086e+00
5.112994339573478264e+00
5.115145943680154517e+00
5.172608068471940435e+00
5.174833617681093401e+00
5.225102199718870466e+00
5.260020765736316051e+00
5.264241866824517224e+00
5.269637569305843705e+00
5.294283449573484290e+00
5.320637963094941192e+00
5.333682966952068227e+00
5.344409227877461532e+00
5.385950262243748732e+00
5.397145473864766174e+00
5.435225386014201021e+00
5.507105635652070674e+00
5.541273425122944296e+00
5.545999311135987320e+00
5.602448082739258872e+00
5.629980011132759365e+00
5.653370491187407865e+00
5.830035076679754624e+00
5.836820346831915529e+00
5.919886599109668524e+00
5.920447106202243681e+00
5.943138088725510748e+00
6.087998435092872640e+00
6.103779769671027644e+00
6.106803145832894408e+00
6.114513707043290225e+00
6.174751762211386108e+00
6.216843623780245132e+00
6.237686496961149629e+00
6.282882285896741692e+00
6.312230872436764173e+00
6.368749659054683931e+00
6.428423299324991014e+00
6.432310053631585589e+00
6.534087579406560486e+00
6.547540536859772331e+00
6.549259225176696120e+00
6.562011936485067309e+00
6.565912287024636917e+00
6.570070124838000680e+00
6.579801600043394316e+00
6.599283312809194335e+00
6.606714085580853713e+00
6.620182049824686388e+00
6.629133859716459298e+00
6.660861079714742061e+00
6.713341459404238876e+00
6.717323824361659312e+00
6.754613477863612658e+00
6.777009867399133469e+00
6.825322570891131591e+00
6.885507347088794639e+00
6.896478297588608974e+00
6.903038542166893166e+00
6.908443210916646038e+00
6.935470446174647030e+00
6.952011086932578188e+00
6.974039985581149459e+00
7.024281773743609847e+00
7.054624731510822144e+00
7.089589875877905456e+00
7.126902643632123890e+00
7.165523322362335357e+00
7.217521771018339471e+00
7.226065035835908645e+00
7.227702160615865346e+00
7.263572312570786060e+00
7.318246320708985841e+00
7.340546420277032524e+00
7.351741290799119533e+00
7.359586235151885703e+00
7.363918229231156687e+00
7.378302765574131783e+00
7.404785620349597863e+00
7.442053121909419033e+00
7.541938309177418809e+00
7.631006187155043641e+00
7.648113404574827356e+00
7.669584445442377607e+00
7.762502012112585170e+00
7.776521264511731424e+00
7.807208016410796425e+00
7.835640411486948231e+00
7.866489578575573738e+00
7.975592481139302414e+00
7.978910388757092242e+00
8.120729730754307596e+00
8.126688653038101506e+00
8.215384594247472805e+00
8.274363530351394047e+00
8.285893807501823360e+00
8.296425432027652036e+00
8.353614851889505033e+00
8.421081731545658755e+00
8.467520575120595083e+00
8.495462219472317500e+00
8.507567746613627691e+00
8.512195781234812131e+00
8.518478745506188332e+00
8.538612507336198476e+00
8.627713601742062366e+00
8.631228966420243509e+00
8.661843636540162095e+00
8.663129804226162634e+00
8.705400703670752804e+00
8.787885911347398604e+00
8.793598126596732456e+00
8.818088249550612545e+00
8.823563735616740900e+00
8.850875066334488395e+00
8.871311860954572026e+00
8.912504561058629093e+00
9.019512737354201448e+00
9.069965849306704797e+00
9.089431971542737188e+00
9.110638503263819743e+00
9.147066776926260800e+00
9.156438327498918284e+00
9.180118564635204592e+00
9.182155817614249926e+00
9.183419180012485583e+00
9.214275952290812199e+00
9.237088794973740136e+00
9.261730565924535696e+00
9.288644738697785286e+00
9.305948387716854953e+00
9.445238098847603680e+00
9.451187870939302016e+00
9.451360988321633627e+00
9.470577272132873148e+00
9.472983701134314316e+00
9.524786504174942436e+00
9.574826880441651866e+00
9.590407972012663151e+00
9.621588945011692928e+00
9.650493986875918750e+00
9.676297481996659400e+00
9.735149713595893317e+00
9.786415334394753529e+00
9.791086845335557953e+00
9.794735193829730235e+00
9.866682010086600840e+00
9.876808733694513620e+00
9.922425623611298207e+00
9.949668641193778029e+00
