-1.811218142674501097e-01
-2.139959502663785207e-02
5.306407029803977826e-03
1.971021636092273877e-02
4.155571018596568300e-02
1.371921547152564758e-01
1.885016392187588985e-01
2.274819195348316558e-01
2.432772700637486629e-01
2.645498380880951794e-01
2.705205881821662883e-01
2.865190113076909184e-01
2.868302115352843185e-01
2.880283779958851542e-01
3.127118064972504441e-01
4.383401889711907029e-01
4.657826045707786355e-01
4.693322102128665851e-01
4.850879935431270940e-01
4.950513070471708743e-01
5.051211832145907632e-01
5.346488154730144604e-01
5.636598341795497902e-01
5.705882420393966203e-01
5.707353604494942445e-01
6.101898135635530629e-01
6.489293424841460212e-01
6.561834847519749658e-01
6.650969359133116487e-01
6.682613362451357286e-01
6.871274681310879373e-01
7.113462353468977817e-01
7.446212291616236545e-01
7.707342952525055857e-01
9.054971139824281590e-01
9.237816523868358498e-01
9.465347527436764885e-01
9.667217260346154806e-01
9.907039253996035022e-01
9.937281291194186572e-01
9.970268901273591222e-01
9.982628479184694203e-01
1.028301296990236091e+00
1.052309724632460197e+00
1.061162502586637357e+00
1.094773396623066386e+00
1.125130793547254981e+00
1.160530955526709818e+00
1.209972512034640069e+00
1.218599721047554763e+00
1.223730063940868806e+00
1.236981559217242843e+00
1.310229251632363923e+00
1.343828525229902926e+00
1.349125774473697748e+00
1.375959601390559728e+00
1.464842547361228098e+00
1.470917718333597968e+00
1.559388292442700719e+00
1.561881257145308899e+00
1.569794122355234078e+00
1.591108773968846313e+00
1.616960510459899636e+00
1.648259913749979821e+00
1.818448715086064871e+00
1.832322243105227288e+00
1.833166688114287401e+00
1.879632281004342209e+00
1.946769662221138342e+00
1.978072529217802300e+00
1.987038147684606182e+00
2.009688594019012342e+00
2.052640832492940159e+00
2.077173169838982147e+00
2.084218388022593960e+00
2.164966475491099551e+00
2.183119799751906953e+00
2.188408652116208497e+00
2.224523351063022236e+00
2.228037207780138473e+00
2.250562821996184848e+00
2.297552929059189175e+00
2.298062820345089463e+00
2.305845886661308519e+00
2.328880816988447400e+00
2.370115149688312606e+00
2.412339092159167642e+00
2.419090329547930018e+00
2.460433880060211909e+00
2.497051133922681743e+00
2.576186332372806920e+00
2.591091475671320588e+00
2.601067644670838508e+00
2.637601620564522520e+00
2.642497636126314386e+00
2.738452196477277223e+00
2.771904129281543394e+00
2.781277053961685564e+00
2.814518874314867247e+00
2.816605095008469117e+00
2.834292680400460007e+00
2.895240147257551300e+00
2.970310350753152751e+00
3.010775583968459568e+00
3.017827964805340546e+00
3.048858720199631112e+00
3.124564468276154638e+00
3.225413226401333766e+00
3.233758086193059267e+00
3.247984888734887221e+00
3.294808611542708210e+00
3.323301036353129678e+00
3.350423960009144775e+00
3.415985030908873732e+00
3.514857307579505097e+00
3.564451011920038326e+00
3.588995255940682139e+00
3.622668676533419951e+00
3.765071607244540708e+00
3.773592747853032670e+00
3.807848449295242688e+00
3.817325814496846270e+00
3.818262532295162437e+00
3.855130753998622595e+00
3.916533693177926878e+00
3.978715558325617074e+00
3.982439949433316251e+00
3.983786067457469215e+00
3.988833103472723352e+00
4.016134349758220701e+00
4.090079190624288152e+00
4.093072428374215477e+00
4.249081780387246710e+00
4.322766153751092411e+00
4.346320794022408229e+00
4.390886607002436826e+00
4.426686269927662565e+00
4.463049631856945254e+00
4.470172831367139388e+00
4.577979372872905017e+00
4.587801185082882149e+00
4.624238652976981001e+00
4.642746148631666792e+00
4.658985157752642436e+00
4.675616178927088029e+00
4.705090558356454622e+00
4.778827176941566002e+00
4.788239071598083818e+00
4.810124890057851488e+00
4.827891054999112974e+00
4.828796542439331319e+00
4.866569605467412352e+00
4.949057035171787078e+00
5.001998823077458134e+00
5.043951921604937993e+00
5.094118653814383002e+00
5.152243963056463372e+00
5.178974913780493239e+00
5.193641673634929568e+00
5.234609975679152427e+00
5.275110584477572750e+00
5.315653634613936696e+00
5.401277521632566803e+00
5.415411870351537260e+00
5.449009804929821676e+00
5.467171841096591045e+00
5.490226034823567858e+00
5.517598448286086921e+00
5.553582548053735302e+00
5.554336199291006082e+00
5.574431931028308362e+00
5.600696371775908844e+00
5.613479620498058154e+00
5.633512324949794703e+00
5.649530229250941282e+00
5.686026790924207042e+00
5.836947630673019916e+00
5.838486612047642410e+00
5.880925911300326270e+00
5.885938128691311277e+00
5.953065248262842779e+00
5.972475756539280312e+00
6.012849598892464620e+00
6.015337084584291283e+00
6.035896894619551922e+00
6.087759254191805525e+00
6.112377200493666507e+00
6.195362185421199541e+00
6.311038194420401481e+00
6.345166346902566090e+00
6.367788024465378172e+00
6.424029522196396336e+00
6.448289699322778290e+00
6.449464078098995579e+00
6.490059748092662950e+00
6.596706843088772310e+00
6.605239625479552679e+00
6.637663025609678691e+00
6.638947876427739203e+00
6.646768578449163911e+00
6.703126937536087127e+00
6.735355889132961238e+00
6.769572224220706147e+00
6.779332031800219482e+00
6.867944948000847205e+00
6.870874062877424748e+00
6.923830915234568728e+00
7.049198869525682198e+00
7.118639940570946401e+00
7.159090615202754471e+00
7.196508266097543682e+00
7.217683938509726005e+00
7.235815643227155647e+00
7.293598440429958529e+00
7.316508274568010783e+00
7.320701665344791387e+00
7.344848243158585532e+00
7.345410417005138193e+00
7.371640787239885029e+00
7.380366699441336387e+00
7.420518817999082195e+00
7.450337282998171773e+00
7.460612137494941010e+00
7.480698839571557457e+00
7.521734578099889212e+00
7.548365145386128461e+00
7.558099223287895185e+00
7.566683456444324385e+00
7.684318242491455564e+00
7.700301928728895184e+00
7.751190213723412548e+00
7.752009844910718428e+00
7.759064978782212130e+00
7.777119421600935389e+00
7.794110838164795219e+00
7.812770339384342400e+00
7.822040184561273257e+00
7.836772755916343591e+00
7.890416873223531802e+00
7.928726237518753273e+00
8.002243238095047673e+00
8.009681207993265772e+00
8.017494836418633142e+00
8.017804368990098851e+00
8.053776250318142260e+00
8.080017439502309884e+00
8.155643923279036756e+00
8.185417905179228626e+00
8.253168009996612042e+00
8.267294295260906978e+00
8.362705481769369342e+00
8.385162612919863534e+00
8.419656598920877144e+00
8.441115722037929814e+00
8.494286175737650879e+00
8.498160970882329579e+00
8.544697170066248404e+00
8.576234592109431176e+00
8.579461187980777837e+00
8.590748503123595725e+00
8.656229524206130677e+00
8.708599548365533849e+00
8.711226653260061070e+00
8.717632839802513800e+00
8.738589011821643382e+00
8.743085900908599939e+00
8.750709491534903961e+00
8.771608196587580508e+00
8.822150519517201417e+00
8.828587179009346642e+00
8.845590183077252533e+00
8.889181188145823143e+00
8.944506755884793492e+00
9.007527241447187194e+00
9.047460416282403273e+00
9.057661556373572509e+00
9.099043685972123541e+00
9.142132456223855286e+00
9.179254349427591109e+00
9.195241765510839826e+00
9.228413910904272655e+00
9.242079482621880615e+00
9.254361088051650697e+00
9.286401050900709109e+00
9.303916933913018994e+00
9.336792639892856016e+00
9.470706684185856261e+00
9.614707764925327638e+00
9.619454012808905219e+00
9.636988607154149733e+00
9.751726043870284855e+00
9.825164361533101243e+00
9.866735476366290669e+00
9.921533506545889836e+00
9.973867930293499384e+00
9.987317641586727746e+00
9.988590204177304699e+00
