-1.496726284985538391e-01
-1.347066380791182572e-01
-1.197903959981673760e-01
-1.186490716741736423e-01
-1.071588402588965622e-01
-1.045994003364277974e-01
-9.810728515184756471e-02
5.561914729827616144e-03
1.872686188472175162e-02
1.875109687387932489e-02
1.160921576556444568e-01
1.294240349621060271e-01
1.322826847833022956e-01
1.414317572215511576e-01
1.789766246479856937e-01
2.316194769815914101e-01
2.693075515987201629e-01
3.047415928910578997e-01
3.251768685108744061e-01
3.586177479698204329e-01
4.155816586907367660e-01
4.269672654279690893e-01
4.938173337901917148e-01
5.384488245355494307e-01
5.599264560206065333e-01
6.799311069357267812e-01
7.740679302507449400e-01
7.966731757248632917e-01
7.974345469639887440e-01
8.055058487742923212e-01
8.602690614786814294e-01
8.922763001006994710e-01
9.004511886950656852e-01
9.543426991860290975e-01
9.688966045775393443e-01
9.905652211910129790e-01
9.931787711012860509e-01
9.999968964974239594e-01
1.039042339672666460e+00
1.064707783317654588e+00
1.072669329706044117e+00
1.076746855849278539e+00
1.104879011105114106e+00
1.106943388549474827e+00
1.169806709526552524e+00
1.274277552992671314e+00
1.404770259187892778e+00
1.435816867919195827e+00
1.468962432460114265e+00
1.480905179580794595e+00
1.532487860468347174e+00
1.553047970217416252e+00
1.635644924001050216e+00
1.641736196773919243e+00
1.648545364744898656e+00
1.664563998417526225e+00
1.708139829113702213e+00
1.730215445876474023e+00
1.748629936085936087e+00
1.760267758428353035e+00
1.821672627109966358e+00
1.852152633739810428e+00
1.872904366427779133e+00
1.987248021209076176e+00
2.048865093122365089e+00
2.060597087122734372e+00
2.085690759610386635e+00
2.116393329184230065e+00
2.126613208916406261e+00
2.149712761820990803e+00
2.257906003773694881e+00
2.302458380613641165e+00
2.369648759230115420e+00
2.371266735143693349e+00
2.389349187307861389e+00
2.450859138431975115e+00
2.459524416264839086e+00
2.466936923378318713e+00
2.493238015418273168e+00
2.495889235276145257e+00
2.515463914895756048e+00
2.539487279286749111e+00
2.580561265575923358e+00
2.695748396046585338e+00
2.726794939607497525e+00
2.737830351299121112e+00
2.785097955062254549e+00
2.802417639425713869e+00
3.072178768848177643e+00
3.092480068917514924e+00
3.107426982922512515e+00
3.110704651499952345e+00
3.162738493326324285e+00
3.200289425159760448e+00
3.230042420202380971e+00
3.258464075655653325e+00
3.262244720083597560e+00
3.292015490642666631e+00
3.345227612564434239e+00
3.369556449184238023e+00
3.406550077268553967e+00
3.417708244873076229e+00
3.450402286492970205e+00
3.489404420959241637e+00
3.517574354406245885e+00
3.518949852985620907e+00
3.543730905464525183e+00
3.544912546366129735e+00
3.558978188751443561e+00
3.601971923069892334e+00
3.602093666359241109e+00
3.606834863628605614e+00
3.622957578958961644e+00
3.635332158516477286e+00
3.639468227989555160e+00
3.656547710120816141e+00
3.661690464853510463e+00
3.695898735499837162e+00
3.734311345220977962e+00
3.747239989190065845e+00
3.761137452954858684e+00
3.785972116500393003e+00
3.843834660786449753e+00
3.848752388365690003e+00
3.885821522427799657e+00
3.931086514099686902e+00
4.005462463326226796e+00
4.063966183283038269e+00
4.113851953855792054e+00
4.151026659685784992e+00
4.179817121765913690e+00
4.181820079101542298e+00
4.196528574220723229e+00
4.199957918772835086e+00
4.214653991280888690e+00
4.255335838895147660e+00
4.287898965523485373e+00
4.296843200994885592e+00
4.301861417297691226e+00
4.310046158007456718e+00
4.327591355557458108e+00
4.345107386837330665e+00
4.348720807659621990e+00
4.419995358008211639e+00
4.421923307051111252e+00
4.500039196500062566e+00
4.537802772693346753e+00
4.604076943459278759e+00
4.686511828110779376e+00
4.709574880635063465e+00
4.733957131945258467e+00
4.748742888030963449e+00
4.749843566361686698e+00
4.793214335533003023e+00
4.833079459209616680e+00
4.896394949126191776e+00
4.917998085536071429e+00
4.938087148924100056e+00
4.948131019032427247e+00
4.959733091905729196e+00
4.996056349202788738e+00
5.015720822104783316e+00
5.049772670687643128e+00
5.056551684634874810e+00
5.095414435469728609e+00
5.103340528902990947e+00
5.130552215255336002e+00
5.147372153623377855e+00
5.222162940098838746e+00
5.245243754532907587e+00
5.253784794304444894e+00
5.293635764823349632e+00
5.375403737676383464e+00
5.389140452808742765e+00
5.481302559130045715e+00
5.528421299357167307e+00
5.543519179640234995e+00
5.580207844159281727e+00
5.591104841308514040e+00
5.592537572205939611e+00
5.605486640303666057e+00
5.656931080724262983e+00
5.685386547737810936e+00
5.816657479085498572e+00
5.818930025600447031e+00
5.855839154389319567e+00
5.896900732977871762e+00
5.907016286252431136e+00
5.924191929538912937e+00
6.004188802756146082e+00
6.012814734615360202e+00
6.044572567248470030e+00
6.085118611334287664e+00
6.117499596488690905e+00
6.129257349366517005e+00
6.144541409370276597e+00
6.148714021270779817e+00
6.213130672670854615e+00
6.215443566276760201e+00
6.229373458917491391e+00
6.233391281542713713e+00
6.300292333245437248e+00
6.302221387678696551e+00
6.361944628294867066e+00
6.429428555916937960e+00
6.595341082020853563e+00
6.613954960289230023e+00
6.643647756786783098e+00
6.645028749532601253e+00
6.694935103407385846e+00
6.722316394276375284e+00
6.832874643641325463e+00
6.880621824450784629e+00
6.883715422778407422e+00
6.904991958977559463e+00
6.912970325499991020e+00
6.916865319006722856e+00
6.952839937896478695e+00
7.001106807587837544e+00
7.055487131555344682e+00
7.057613959799796888e+00
7.101465351273787974e+00
7.108523313901594420e+00
7.210571108587788380e+00
7.227496912325977796e+00
7.259650324562977097e+00
7.306685705975275447e+00
7.342839252107292047e+00
7.370227447773211260e+00
7.371905581066412694e+00
7.408376765259728991e+00
7.433421791686474656e+00
7.441407377831268377e+00
7.455368033917014081e+00
7.516865116864416940e+00
7.531930378295879969e+00
7.592417998463647066e+00
7.596333077835434544e+00
7.646450754916013004e+00
7.690066709272794121e+00
7.709629335150668616e+00
7.721671275377762100e+00
7.736065021987608148e+00
7.785382293070606252e+00
7.829069526782270749e+00
7.849628257742687687e+00
7.870630177216663803e+00
7.913272306895188457e+00
7.947060015401835820e+00
7.954761355968209990e+00
7.958857488676588154e+00
7.971379422966472283e+00
7.971577131367639346e+00
7.985990118236185431e+00
8.003244592310110761e+00
8.023894682248368326e+00
8.046970044265757238e+00
8.050194295953357226e+00
8.069614015146445496e+00
8.130879665505570841e+00
8.172908227508823842e+00
8.183806719823259357e+00
8.230296065907854342e+00
8.343635708715147814e+00
8.441479385921573098e+00
8.461925922941178513e+00
8.486148508342260754e+00
8.586907212989855154e+00
8.672724086190905624e+00
8.793641207440215268e+00
8.813369535410105371e+00
8.952905564617418932e+00
8.966450539500554484e+00
8.967081358623619991e+00
8.993088425526600815e+00
9.013585759334693748e+00
9.018998689944242031e+00
9.061617422116253096e+00
9.062588884181268511e+00
9.067016826449638245e+00
9.109583701262657485e+00
9.118987895409928157e+00
9.162765641898698021e+00
9.163968154590882875e+00
9.165537709226054375e+00
9.313986466476412929e+00
9.344585156176551166e+00
9.354377856626628684e+00
9.414415015967565026e+00
9.542330426951425082e+00
9.552285972620330412e+00
9.574665537423301842e+00
9.580627426717443385e+00
9.580740224372538805e+00
9.638609467700922195e+00
9.672819170856021387e+00
9.740069420228442354e+00
9.745337817248376666e+00
9.762922436528656434e+00
9.826096084667666375e+00
9.833894085347591130e+00
9.875992153492894943e+00
9.902873798933088167e+00
9.938869596427277742e+00
9.981608946146966588e+00
