-1.801971736878881791e-01
-1.673067597118990391e-01
-1.524492532682199808e-01
-1.484667311320813365e-01
-1.056312548511839089e-01
-7.822462957667493388e-02
-3.181965466660940933e-02
-1.595762081071672167e-02
9.484383387032585544e-02
9.624128358921996140e-02
1.191545059949883911e-01
1.234469843069351813e-01
1.279157832266898387e-01
1.379996928535872081e-01
1.575581670758268715e-01
1.624089413579052898e-01
1.841982661744412941e-01
1.932867521039716152e-01
1.950492660109950926e-01
2.093620263519037628e-01
2.377128750527285339e-01
2.806967846637991038e-01
3.461941855063246920e-01
4.352180698060696407e-01
4.708686951111996088e-01
4.738992308904922957e-01
4.816724105090420260e-01
5.345383446586722265e-01
5.376479045349324970e-01
5.585074016126925223e-01
5.895717660230528345e-01
6.691584235174865558e-01
7.278308868637348716e-01
7.716642138673257545e-01
8.059806452532982668e-01
8.442324669293832518e-01
8.795009164744516106e-01
1.055658667065106249e+00
1.123673164961206172e+00
1.231749489090592453e+00
1.354346273696504177e+00
1.370000180169187898e+00
1.385179975951335463e+00
1.394371230755821367e+00
1.507436512719257937e+00
1.520749377672118818e+00
1.604249932714673754e+00
1.642491752719892117e+00
1.654456410290185975e+00
1.676608660906686366e+00
1.715292421030792047e+00
1.799599901564408411e+00
1.882051175174997093e+00
1.885599073901087275e+00
1.922427589313094876e+00
1.934016116437724753e+00
2.052048565070610842e+00
2.063618589486388988e+00
2.096483909887350894e+00
2.111496862544506303e+00
2.133093788046904304e+00
2.150227839361500415e+00
2.164699485105167742e+00
2.181744138486379825e+00
2.197954478394274158e+00
2.259788107157152837e+00
2.266045541331545454e+00
2.274276141752266778e+00
2.275551614683135604e+00
2.435348714301608375e+00
2.437099288865766322e+00
2.442441254139960272e+00
2.509793781901914045e+00
2.593317306601657268e+00
2.640772011204753689e+00
2.658783271207362020e+00
2.664656589193903802e+00
2.767534522707945754e+00
2.769597279442456816e+00
2.777972150435313647e+00
2.879078707873590659e+00
2.962552333468039922e+00
2.977572884868722181e+00
2.983394679484342227e+00
3.086522189760716017e+00
3.091394290028502745e+00
3.097221290085454548e+00
3.115264118825651796e+00
3.146210156271444625e+00
3.148520482215182881e+00
3.234833349535936708e+00
3.237680869610621848e+00
3.239576515453959971e+00
3.243788357969567659e+00
3.306844839522513180e+00
3.313228280365120959e+00
3.337986372722275163e+00
3.405702308050512883e+00
3.409650572101510679e+00
3.438083061718920863e+00
3.474792883626477202e+00
3.545065211301304142e+00
3.600747696453364011e+00
3.817662980455200916e+00
3.855557143754846372e+00
3.859661414045777228e+00
3.894758666379541268e+00
4.013198429403332490e+00
4.029960811627041117e+00
4.108854104040994493e+00
4.135191127354602258e+00
4.154191386118917251e+00
4.161243992161392846e+00
4.161638252456040021e+00
4.167685425588479653e+00
4.200229354378668845e+00
4.214279540574529470e+00
4.238180831471312082e+00
4.259389457047544347e+00
4.306902058074214779e+00
4.314857983546667164e+00
4.361412258236351924e+00
4.451202834509627948e+00
4.457145786062532977e+00
4.520964902140105046e+00
4.538274729079345704e+00
4.567277193444566841e+00
4.865288837852850712e+00
4.925952958804273862e+00
4.931644042263897632e+00
4.941532460825718509e+00
4.957840449485600764e+00
4.958284846280117009e+00
4.961417394151205862e+00
5.005951107205606654e+00
5.027656146770532963e+00
5.043076707349401389e+00
5.050190706107229310e+00
5.082134566348440075e+00
5.106204835390786734e+00
5.128480099949731752e+00
5.131980306296365590e+00
5.144498012389906449e+00
5.149061836993890751e+00
5.226173730627913017e+00
5.230735816041059749e+00
5.251767320525900118e+00
5.257021793754971029e+00
5.298164874968038340e+00
5.405709508192415136e+00
5.459106087252101780e+00
5.508041442355096962e+00
5.602976533567541217e+00
5.604268004976774797e+00
5.625380906102014578e+00
5.627754898277209428e+00
5.639991310793845969e+00
5.671126871779518019e+00
5.721569240174119386e+00
5.723821452163636359e+00
5.771595449770613229e+00
5.783139162075613626e+00
5.790007207634126907e+00
5.810382000151615323e+00
5.826703356161748282e+00
5.829597538349791996e+00
5.844370273487469625e+00
5.971473841962143148e+00
5.982026302856236377e+00
5.992737743044403764e+00
6.002096354654565147e+00
6.081894303244532729e+00
6.144959185170437266e+00
6.180006813475646510e+00
6.237929128502111453e+00
6.238388548310231485e+00
6.247339399048795094e+00
6.253180666762181872e+00
6.260190984786003554e+00
6.320778675643049738e+00
6.356044163451335827e+00
6.363907086268981494e+00
6.367495251500613129e+00
6.375978757231938410e+00
6.387690359861712075e+00
6.401467617979986535e+00
6.402778811543365478e+00
6.418609410666904047e+00
6.420544102794757180e+00
6.478215300105912178e+00
6.491539323482466095e+00
6.510060803556070752e+00
6.518383807497600380e+00
6.572701760081324451e+00
6.585387327111469347e+00
6.594895429903673723e+00
6.597342808814207871e+00
6.645058748745928057e+00
6.671637966834583544e+00
6.697151847681034553e+00
6.745721641490940890e+00
6.796429632960339084e+00
6.832800552916250325e+00
6.865039787394769277e+00
6.898329417246229944e+00
6.905947324184947611e+00
6.910392664877031521e+00
7.007798643320544585e+00
7.136091699514667930e+00
7.167174191007076089e+00
7.221708786631529264e+00
7.237145858018029898e+00
7.240934784541510183e+00
7.242688999303943831e+00
7.246544229296221218e+00
7.318666268233376293e+00
7.406910781431504276e+00
7.428404215034643876e+00
7.447106152871273643e+00
7.448063412676788175e+00
7.516544383775368487e+00
7.532197900811976155e+00
7.549385519564448366e+00
7.577393897625317010e+00
7.610533382411164283e+00
7.632704222568131414e+00
7.640604723285213673e+00
7.647348520833634034e+00
7.654451499712384255e+00
7.715189458112738485e+00
7.745246032601013297e+00
7.749876465267202086e+00
7.751990136830560374e+00
7.838533633471732820e+00
7.841924897670375039e+00
7.843578452882865371e+00
7.859452722720697615e+00
7.875162395583005015e+00
7.914119924095028402e+00
7.924221960379317586e+00
7.939627551294131003e+00
7.951929151226353021e+00
7.995092313483071145e+00
8.024163412913491555e+00
8.071206149843648703e+00
8.133373082408979826e+00
8.141281568168215799e+00
8.197940416730116198e+00
8.223210064108004147e+00
8.248892214042186311e+00
8.280867891308608009e+00
8.311128711242314893e+00
8.320151065670946977e+00
8.352919932920951140e+00
8.389346771856247997e+00
8.427560310839069757e+00
8.429447156752143400e+00
8.430750461007114893e+00
8.434834220294472829e+00
8.503871166427137140e+00
8.505481772236187510e+00
8.511625202612334462e+00
8.535696297389332443e+00
8.539912144217472800e+00
8.594378842418235465e+00
8.602177919830015895e+00
8.699072042202624644e+00
8.710941157799725332e+00
8.849529326666544904e+00
8.908159147125070731e+00
8.914405244510691162e+00
8.924302743804476634e+00
8.968438884126069155e+00
9.008435336707824703e+00
9.042228589497023350e+00
9.102697375883481712e+00
9.152446127101898199e+00
9.168237869957049924e+00
9.204588419436811719e+00
9.262097623497924204e+00
9.315025927263370420e+00
9.414269906873180105e+00
9.424648737787478581e+00
9.432478595519322440e+00
9.442259164049984221e+00
9.472613516873815698e+00
9.528360452751078569e+00
9.544292498054501195e+00
9.552872834878778363e+00
9.555501707529032274e+00
9.573264488931904737e+00
9.604068619229042980e+00
9.607328572753575102e+00
9.655676810366257357e+00
9.731418319172796316e+00
9.746757768939158240e+00
9.750553574020347725e+00
9.763332972925043762e+00
9.808742099118502367e+00
9.830507756462772306e+00
9.851414494852187786e+00
9.872817582240847045e+00
9.952636194815163151e+00
9.989686052124428173e+00
