-1.966336644464863614e-01
-1.749824500036710473e-01
-1.391867937670094868e-01
-9.746249155748898385e-02
-8.517163550768462599e-02
-1.675219707533182056e-02
1.264279620330802101e-02
2.525020838868191619e-02
5.434295374462522199e-02
9.099592001142298159e-02
1.887374195780333053e-01
2.227882089841051738e-01
2.606562143768707540e-01
2.909853449639487888e-01
3.429399169444850570e-01
4.056310667036545081e-01
4.137527202405624771e-01
4.224361555840182025e-01
4.234589230499695156e-01
4.262189406740462538e-01
4.535879487474024363e-01
4.602639363172985054e-01
4.646375438228049215e-01
4.796840852302178271e-01
5.723118473759283287e-01
5.867168723822118181e-01
5.893443899930941310e-01
5.998226540069908630e-01
7.098270194676010725e-01
7.571815814350471019e-01
7.643691301373132241e-01
7.870279213826307796e-01
7.884844622033666539e-01
8.251486341615272835e-01
8.536400508194077474e-01
8.705075392762844366e-01
9.241425460809329362e-01
9.254607931721092751e-01
1.013439043481537016e+00
1.018434985731415443e+00
1.034383048363342494e+00
1.056644387538691721e+00
1.097919055141162614e+00
1.100522731205547666e+00
1.104063055838061080e+00
1.149947596283600770e+00
1.233245192469997198e+00
1.317090194185946972e+00
1.328073935152302543e+00
1.333922554448965014e+00
1.342280677825287372e+00
1.345439250870457792e+00
1.413343763148708687e+00
1.496752123195710604e+00
1.556157592995773387e+00
1.674619111261707260e+00
1.700016981017807849e+00
1.748695197016297387e+00
1.825344192649109187e+00
1.879714349761467451e+00
1.896639333240595304e+00
1.899668817186164871e+00
1.899854908324625002e+00
2.063840400188372115e+00
2.131331276706280864e+00
2.175704207826003600e+00
2.221861897503798922e+00
2.261284467620581218e+00
2.287576594089083315e+00
2.301105280226389382e+00
2.344683188108360739e+00
2.360871746811483707e+00
2.369561149310775328e+00
2.417337355619445738e+00
2.457873696820371823e+00
2.469438443491843937e+00
2.603103140413407957e+00
2.632973135814793419e+00
2.800119688007636665e+00
2.810391294818295194e+00
2.848104172174624971e+00
2.848996645428229169e+00
2.860008149712979009e+00
2.907797433817554733e+00
2.988742715964225471e+00
2.996069116881448391e+00
3.038878006135681265e+00
3.040155170467471635e+00
3.120527645104591130e+00
3.178282821054108087e+00
3.268467622347677182e+00
3.275061574363419492e+00
3.327492836105439000e+00
3.387974949276225889e+00
3.411279493280414687e+00
3.414041255779842299e+00
3.422460966108881841e+00
3.444280489726971872e+00
3.484300651525631842e+00
3.496651053628565986e+00
3.530778371207179855e+00
3.604029575257880147e+00
3.675132107690779470e+00
3.712023368956352876e+00
3.754250458359019049e+00
3.763452808769380820e+00
3.831385071755154748e+00
3.833367943467690608e+00
3.915019224037401102e+00
3.916739451155679674e+00
4.001317441704309807e+00
4.037762858725458592e+00
4.073463918566399222e+00
4.076659467051235275e+00
4.080657527474898849e+00
4.101913927101796808e+00
4.106868489678864975e+00
4.153991730765088874e+00
4.172308576455337814e+00
4.192067153574135396e+00
4.323965437237646370e+00
4.361367485039671088e+00
4.426452596040948428e+00
4.451815893003190361e+00
4.472332053090609882e+00
4.495739758293818333e+00
4.510950393513097900e+00
4.609402521611042580e+00
4.618374958839166489e+00
4.629704571295019555e+00
4.642938485512974722e+00
4.649936708743603653e+00
4.788736256792486934e+00
4.790852987320907808e+00
4.796004671791780360e+00
4.801911583606822909e+00
4.836606254377065817e+00
4.868084640360398119e+00
4.879974317240962201e+00
4.905117969428229863e+00
4.930942902360957447e+00
4.948638222832235201e+00
4.965145853899748829e+00
5.010623497976571805e+00
5.050989884565392884e+00
5.090422863481712135e+00
5.108635076540107178e+00
5.152635487433508743e+00
5.211752773793142168e+00
5.220008341164406929e+00
5.262069491380001018e+00
5.270132663165832732e+00
5.344601710169874842e+00
5.374564035555229324e+00
5.411876962596456231e+00
5.461200873344170148e+00
5.467444075149675342e+00
5.487078071853638050e+00
5.497938818793405957e+00
5.511463074464813872e+00
5.527146929768936623e+00
5.530046152737328136e+00
5.551612720644115484e+00
5.563518448612907008e+00
5.644020973250348128e+00
5.656256816265594622e+00
5.670405036188399528e+00
5.685682449853544540e+00
5.735221845478930547e+00
5.784297475822921086e+00
5.853138066834562281e+00
5.857967285293567805e+00
5.858563091092054087e+00
5.864287035600849407e+00
5.886898841269522009e+00
5.932693855333007527e+00
5.943019303092897054e+00
5.943023716789806343e+00
5.948471235120448952e+00
5.953366140505602644e+00
6.010834673778609805e+00
6.142553528734482349e+00
6.161477698990529994e+00
6.165365279786891861e+00
6.193459306173669354e+00
6.272847179202689638e+00
6.276649026461663894e+00
6.279284722534366203e+00
6.295370000187351600e+00
6.311841518863364087e+00
6.324212164215973431e+00
6.331247947066568571e+00
6.335205975226546826e+00
6.359520747885018643e+00
6.444626756094996800e+00
6.485682470939957867e+00
6.498494205626356823e+00
6.579663652126710893e+00
6.588523893226111205e+00
6.616886607493052352e+00
6.696337821930325340e+00
6.763504329939297399e+00
6.823291646067227489e+00
6.837070711179711324e+00
6.861749310192776896e+00
6.870397634544334942e+00
6.895503933744826952e+00
6.897156695538393834e+00
6.930617452652932720e+00
7.035476224351441488e+00
7.052200861582422320e+00
7.072733130453900507e+00
7.077240780943017562e+00
7.100392980531751164e+00
7.134521341421476315e+00
7.139160862829445620e+00
7.153355427636203245e+00
7.233735124181611909e+00
7.285322963441045907e+00
7.303963490013248183e+00
7.324623982484332885e+00
7.345257242401530107e+00
7.369442892696235425e+00
7.404547251645859696e+00
7.437233919123907633e+00
7.450672035565466089e+00
7.504279120349918841e+00
7.522137486560233732e+00
7.539999798429940725e+00
7.574933563139964576e+00
7.611375462360564725e+00
7.705842883858240455e+00
7.735020205128552817e+00
7.754767145193651956e+00
7.765645271536906868e+00
7.780054473114893732e+00
7.808680603842465651e+00
7.821493534965010319e+00
7.875241809385573610e+00
7.885136294137915947e+00
7.957208747698017781e+00
7.965465589032432625e+00
7.987424744928129705e+00
8.023189612536070214e+00
8.034717741888057319e+00
8.119324779521527091e+00
8.170724567492134938e+00
8.190075278776197010e+00
8.265796337924255610e+00
8.297713744761562538e+00
8.307926783366184509e+00
8.351435075092162208e+00
8.369434691710599949e+00
8.381279011699133363e+00
8.411078506196414395e+00
8.480388588975097619e+00
8.484040236591280149e+00
8.506481374171533716e+00
8.518794132326908297e+00
8.578893341331873756e+00
8.595461240224995692e+00
8.649150534594687301e+00
8.655834563084109590e+00
8.687517715033560961e+00
8.710898234370338500e+00
8.754175052464365336e+00
8.842849702034333959e+00
8.887012017929945884e+00
8.955539372752237881e+00
8.995721708346650303e+00
9.053269374667143765e+00
9.067217900692142507e+00
9.203832154673817101e+00
9.207073843155145099e+00
9.208745834969747079e+00
9.241281989613797876e+00
9.286463978361865657e+00
9.296526918915940740e+00
9.537802152824804480e+00
9.575859401864628140e+00
9.600058799339704407e+00
9.607844070398318337e+00
9.614854921247125930e+00
9.616888201662217028e+00
9.626009376759176561e+00
9.638486311148044550e+00
9.673819049439829953e+00
9.682077001535366989e+00
9.698604171162791943e+00
9.716371057525872601e+00
9.759333214085541996e+00
9.763325174102190473e+00
9.767035287627001239e+00
9.787642804361682991e+00
9.841823433387004272e+00
9.855987203104659145e+00
9.874095493293550518e+00
9.950260516913109754e+00
9.952413625402332542e+00
9.995202409586307013e+00
