-1.763620843899559310e-01
-1.319628971436270504e-01
-1.027829649926075700e-01
-9.129976950660782797e-02
-5.769110370603386384e-02
-3.816518381042072194e-02
-3.155528273473950929e-02
-1.344423867334715306e-03
4.554450779146262951e-03
3.018450156446225718e-01
3.573541079233787943e-01
4.337102365785566183e-01
4.538166658045276747e-01
4.671523570302864026e-01
4.785933152311322991e-01
5.371155735064188086e-01
5.867590482468192370e-01
6.609263204918989221e-01
7.430698328561458066e-01
7.820737177486853930e-01
8.011222942874822728e-01
8.158984892266536448e-01
8.868409190167367839e-01
9.798647240877236264e-01
1.059498817031884865e+00
1.090156364849214521e+00
1.103402323129836438e+00
1.114929743206701129e+00
1.158089834465367618e+00
1.165395613684749421e+00
1.185461332632169906e+00
1.251917097406439083e+00
1.278430539649834996e+00
1.329373426235163080e+00
1.347871170317777256e+00
1.352404846519307258e+00
1.402705522434101182e+00
1.474939769818749413e+00
1.503186609495484216e+00
1.527208157220424134e+00
1.538162967447622709e+00
1.630496826256673470e+00
1.633236750780550750e+00
1.659493111486216144e+00
1.741563294470592327e+00
1.810368981177403080e+00
1.868885367694909982e+00
1.873916015247911071e+00
1.967343145312176800e+00
1.970551501932398919e+00
2.019620265160647854e+00
2.021663273117761950e+00
2.260037706373041910e+00
2.282102809147694256e+00
2.333865323799268143e+00
2.382499847797759251e+00
2.415522003938578077e+00
2.438143271280184265e+00
2.440994853770866335e+00
2.441660060172742508e+00
2.506547358131194336e+00
2.516063227894488108e+00
2.520147449359653180e+00
2.545616792076973667e+00
2.573917951765375633e+00
2.653593624196760814e+00
2.782116594053891223e+00
2.806402512141261685e+00
2.847173630715496451e+00
2.901531528037177843e+00
2.929466656650506984e+00
2.957080611683870153e+00
2.961830182285544399e+00
2.981460336968091873e+00
2.990587176679255776e+00
3.085882333234267083e+00
3.165001952059356416e+00
3.188906428899545453e+00
3.224119186876481802e+00
3.231468289891474832e+00
3.236468340576350577e+00
3.258832612260550654e+00
3.266312745228887149e+00
3.292882657844186323e+00
3.297741930099655772e+00
3.348018141921130120e+00
3.368206955601283248e+00
3.385024107200202970e+00
3.391517347925933734e+00
3.442123688195007691e+00
3.480986650387959624e+00
3.519767609304206513e+00
3.576726318919746017e+00
3.601776630201700691e+00
3.611854893082463214e+00
3.627457989654429227e+00
3.652612735150027046e+00
3.658772305119214252e+00
3.660284073409221683e+00
3.679222841148299228e+00
3.679622693250397703e+00
3.731771939839028551e+00
3.732109694798441790e+00
3.807774072282255950e+00
3.811679105060718165e+00
3.823667792369249696e+00
3.841471281749189615e+00
3.858054219895555192e+00
3.868561066701080797e+00
3.887456836016452755e+00
3.935531436568124874e+00
4.007245663889666076e+00
4.041209104353130854e+00
4.043568567074912856e+00
4.063020675565024220e+00
4.085588784731154277e+00
4.086655103522904398e+00
4.144447101714447967e+00
4.181348435666564889e+00
4.187280049286759009e+00
4.207719880231771015e+00
4.243632978830878422e+00
4.360748934582383995e+00
4.435546796572367612e+00
4.443760677532783809e+00
4.450665716258381366e+00
4.459891526469258238e+00
4.471142985610882192e+00
4.485970099523949095e+00
4.535139723659987077e+00
4.542342744754206407e+00
4.622242830418773707e+00
4.634628925469726823e+00
4.762559853913650443e+00
4.790380413242001367e+00
4.896150211407033659e+00
4.953446217428354892e+00
5.031167870155333510e+00
5.033702701316032702e+00
5.076444697944267226e+00
5.084414932183220159e+00
5.090904969294425264e+00
5.096812365585110527e+00
5.174679698494434987e+00
5.207599534262505436e+00
5.233649432016819425e+00
5.270223581090306197e+00
5.291190234830123629e+00
5.296757497726567010e+00
5.309920576813339288e+00
5.341021311295042651e+00
5.463254371928721653e+00
5.478412060448537346e+00
5.514108186913354359e+00
5.532637159289913065e+00
5.571478538198036290e+00
5.583255789777032518e+00
5.583413057182028183e+00
5.664574895611654171e+00
5.709201581455704222e+00
5.711099572972289984e+00
5.772716915993327369e+00
5.800508456027780646e+00
5.832209518093629974e+00
5.836520106414993414e+00
5.838188085842430652e+00
5.885629349448665337e+00
5.914839552771728570e+00
5.925577382815170324e+00
5.931791755335605210e+00
5.940641855545006678e+00
5.942676361247367645e+00
5.950190588470169573e+00
5.965791408388242623e+00
6.042602292811878328e+00
6.147381588232498473e+00
6.203441841005137292e+00
6.218888587296518722e+00
6.226530905691770812e+00
6.243803496719358748e+00
6.264863592599887454e+00
6.269855393643349650e+00
6.272386365249989382e+00
6.296278208698133483e+00
6.339204806682682047e+00
6.349296814766980823e+00
6.375800839541579279e+00
6.396123220013173238e+00
6.421114809366766707e+00
6.468272021984453168e+00
6.553892442084304548e+00
6.573756622463269750e+00
6.588194853682773022e+00
6.806782765172271432e+00
6.821039150470209478e+00
6.867325571647185711e+00
6.907166971271465172e+00
6.921997784044603641e+00
7.003721947411412962e+00
7.009411046160152203e+00
7.169058552270807461e+00
7.200852888502783600e+00
7.214774904377653897e+00
7.214870664047915660e+00
7.227874855397762310e+00
7.244249863219520691e+00
7.353323699277218850e+00
7.415270771875873912e+00
7.499842633587384455e+00
7.554098953682477635e+00
7.573619368479769243e+00
7.586151935787849077e+00
7.631748488312775081e+00
7.654554177055713282e+00
7.709490817629226278e+00
7.722131649718229518e+00
7.768931807456708860e+00
7.795422154134540982e+00
7.877492314428603315e+00
7.890995226793182660e+00
7.891409400887092751e+00
7.950130575483947304e+00
8.013360227075214226e+00
8.040976821282702858e+00
8.042771373688497150e+00
8.290583109023499375e+00
8.311546629153880872e+00
8.360117745814564572e+00
8.395280261384145959e+00
8.474099720218150722e+00
8.567379602941793237e+00
8.573369739193019257e+00
8.606920297471766901e+00
8.615665480805011711e+00
8.656170248289866365e+00
8.736782567135845667e+00
8.738356113276687154e+00
8.743004028645124492e+00
8.776491478521405654e+00
8.790700780975839734e+00
8.898480154320976609e+00
8.963970590406892924e+00
8.973486375497758516e+00
9.001589676405068019e+00
9.054119373063006293e+00
9.072710818278043376e+00
9.089689615614906515e+00
9.104288946970152452e+00
9.110796278443524798e+00
9.151580444693497185e+00
9.155369114699556832e+00
9.260131187875717984e+00
9.299185551850710496e+00
9.304009581049564659e+00
9.431856234005623563e+00
9.504753360457367961e+00
9.517541422400420004e+00
9.555233560380191449e+00
9.566096820885819696e+00
9.632124949551004178e+00
9.656472911583573904e+00
9.680736548493054983e+00
9.779259588856016094e+00
9.783808531782829832e+00
9.870785022210803561e+00
9.898351799824133934e+00
9.967165831074554561e+00
9.972750212123338898e+00
