-1.445985234638111905e-01
-6.167669078924603587e-02
-5.271771212590928291e-02
-3.003917231192301807e-02
-1.102391422673371091e-02
-9.627334221696842720e-03
3.841189619593191051e-02
1.766121718253145234e-01
1.911142246510323939e-01
2.102891698386378794e-01
2.269897754853148486e-01
2.670031810260432015e-01
2.681838379767887970e-01
3.367170770165554550e-01
3.387040205259532200e-01
3.658964931690677491e-01
4.047785246415745442e-01
4.231929773227522396e-01
4.376471739211660883e-01
4.600239233434522679e-01
4.654402614844734276e-01
4.819849710314599300e-01
5.685758850744964121e-01
6.122728091018814212e-01
6.437461409847238247e-01
6.479725916931140528e-01
6.623467444816026894e-01
6.753571504921480617e-01
7.434022820225965056e-01
7.618483215495523986e-01
7.916906341496825483e-01
8.878579106874691096e-01
9.277478969981536316e-01
9.497720487893828167e-01
1.039092524131291162e+00
1.072364506365344194e+00
1.120180860388321653e+00
1.210240227497809018e+00
1.260283745257967825e+00
1.294327990170919707e+00
1.309239394995015626e+00
1.320649150538167893e+00
1.321487777237891237e+00
1.341873441731756156e+00
1.508258736499925812e+00
1.545224733795479644e+00
1.556650086421535795e+00
1.617703294286813476e+00
1.694713685360441868e+00
1.748715898122711110e+00
1.777960226290992374e+00
1.783455491521049430e+00
1.789126678892791311e+00
1.810910133886190154e+00
1.821578719996760798e+00
1.827943646762446361e+00
1.876860772964593194e+00
1.911804406161932812e+00
2.040218482357345930e+00
2.058501630046980502e+00
2.126804269264753522e+00
2.132220198650070841e+00
2.134000994164879206e+00
2.173196300285144655e+00
2.175739283737628593e+00
2.175799199980237741e+00
2.256028250355021303e+00
2.282509035487583215e+00
2.292156352859577861e+00
2.329403261245467593e+00
2.353472740331164381e+00
2.361102522246380619e+00
2.363352156168016638e+00
2.377562463448247065e+00
2.381733422009962187e+00
2.436914506841687977e+00
2.494100272631251780e+00
2.520037738562296958e+00
2.632877520504560032e+00
2.706507571242189325e+00
2.738650933289872746e+00
2.746003586687329800e+00
2.868568541211603762e+00
2.873723019624574881e+00
2.879940087729062181e+00
2.904944198491632434e+00
2.921485517699490941e+00
2.948399329078941644e+00
2.953157939067476701e+00
2.972478691035672860e+00
2.972622444323254509e+00
2.973143586714200648e+00
2.999305689126316121e+00
3.145777587714488455e+00
3.155786198092494832e+00
3.381133793736889270e+00
3.439959556925436868e+00
3.497305640434965834e+00
3.511031683023175365e+00
3.517924408349533572e+00
3.537389093178952670e+00
3.590103216495875937e+00
3.591018496987338882e+00
3.596518594335718522e+00
3.677118553789708422e+00
3.732165196757211145e+00
3.884435527567037028e+00
3.906070961436259203e+00
3.947891011018290541e+00
3.997453526231863563e+00
4.044870741338150388e+00
4.057024449008834743e+00
4.072071642329222030e+00
4.072753709422371138e+00
4.106295266913919662e+00
4.152819663492267388e+00
4.181039689775270851e+00
4.200312060175461326e+00
4.204862921679051624e+00
4.210943164865481592e+00
4.243684947629411397e+00
4.246028438380216485e+00
4.267801850799244789e+00
4.270562535219821321e+00
4.273645714921205041e+00
4.300180361235644177e+00
4.398001067484440085e+00
4.398609797537739396e+00
4.445729503993185894e+00
4.457857417386615673e+00
4.514732046997054660e+00
4.558148303023262571e+00
4.580267244182812725e+00
4.752256712227286073e+00
4.874032867371798083e+00
4.968353440879546667e+00
4.981987224556130300e+00
4.996564006148817683e+00
5.000530598886021139e+00
5.036327628309246407e+00
5.038486023266878888e+00
5.039623567818376948e+00
5.162953265497581157e+00
5.209046522678135283e+00
5.248142971179790450e+00
5.291593427410457018e+00
5.298690799662722384e+00
5.323569870454271324e+00
5.362866527701335428e+00
5.405801769404325441e+00
5.437161785293597838e+00
5.462868952683928470e+00
5.625494819110036460e+00
5.658832989363326682e+00
5.664184762112933313e+00
5.697012742018161546e+00
5.709592291290173094e+00
5.723370136677250919e+00
5.798914411976491934e+00
5.808364000717267217e+00
5.817832528434308870e+00
5.853449941757527419e+00
5.858489538116674389e+00
5.864444475142353674e+00
5.877312844330268682e+00
6.062813517895039084e+00
6.064658358444782849e+00
6.092943323142780088e+00
6.143680400315677304e+00
6.165513268170045080e+00
6.247616511543483853e+00
6.250380525595436332e+00
6.307074231961269817e+00
6.319768288779979315e+00
6.362829042395383716e+00
6.393033906296556879e+00
6.400010738982865099e+00
6.446624974944582753e+00
6.452686627607267411e+00
6.506130196844142510e+00
6.550338243496707236e+00
6.553756023416551280e+00
6.583642031724106225e+00
6.588822497091880059e+00
6.589330779985871800e+00
6.610001440021999741e+00
6.661465754393276484e+00
6.731120081250230314e+00
6.774658334032321427e+00
6.795169928508117074e+00
6.805123601031123570e+00
6.822100357421085448e+00
6.861097577814270210e+00
6.887228741287991340e+00
6.896208592213864286e+00
6.952177592711227483e+00
6.964806803331403451e+00
7.068581978009433442e+00
7.092229011943672390e+00
7.132714332362669829e+00
7.143778806808078308e+00
7.202314957639596393e+00
7.213562648001196287e+00
7.226118051784710339e+00
7.236602065076783497e+00
7.270029561537713292e+00
7.301548517641329283e+00
7.311825691100794167e+00
7.319766859183715724e+00
7.341363834686224443e+00
7.373361887005617454e+00
7.401785011618616572e+00
7.429041613683950551e+00
7.474273333304133793e+00
7.507492550947703513e+00
7.522371976420291873e+00
7.523322713018210983e+00
7.711126749022755078e+00
7.731501922576057950e+00
7.812957445718898164e+00
7.909723334093370362e+00
7.921053820577427906e+00
7.938287978389303667e+00
7.975804262848503079e+00
8.011912187623821069e+00
8.020720783626254402e+00
8.038067682428094329e+00
8.070256680590826903e+00
8.103966651564277868e+00
8.169208505107109275e+00
8.179178585829300019e+00
8.228241101535770596e+00
8.257203721060607293e+00
8.381522277624945616e+00
8.386375107068902324e+00
8.392813039107704043e+00
8.416208944458290375e+00
8.425862982018999858e+00
8.486739772763993273e+00
8.500251867166928932e+00
8.598741997011133620e+00
8.640297851219880698e+00
8.662019327663553980e+00
8.711249393811678843e+00
8.735549650701736724e+00
8.804276588796254188e+00
8.834998297475692652e+00
8.847071588208464732e+00
8.867041287446681963e+00
8.900476789623136042e+00
8.914564247608105063e+00
8.941428678037654620e+00
8.987941600571033973e+00
9.033485947816277672e+00
9.033611986187651155e+00
9.094851328413842140e+00
9.134265408253352092e+00
9.153670753373974733e+00
9.175408487691811388e+00
9.221003283207611645e+00
9.264217478786981985e+00
9.311631692555913276e+00
9.322103925072278585e+00
9.352395102416853234e+00
9.378738946004363086e+00
9.391055276651666617e+00
9.444918235401040363e+00
9.457055000569891234e+00
9.493972544632057975e+00
9.514515440283089376e+00
9.539775104536451167e+00
9.578089833967206701e+00
9.649805430047781130e+00
9.702280651490539753e+00
9.705808120845912157e+00
9.853023125890160827e+00
9.873710749706635426e+00
9.905131220191892183e+00
9.918429203741267131e+00
9.953874968211477992e+00
