-1.735403405539795996e-01
-1.356142727264994519e-01
-1.324385475053475036e-01
-9.262306614131862736e-02
-7.642518425368978463e-02
-7.099727743687142545e-02
-5.977716192597609668e-02
-5.411608441365461930e-02
1.917779349977527525e-03
6.327557677424255900e-02
6.491580039332750518e-02
8.994112702965278983e-02
9.190548895437972154e-02
1.312892571598918701e-01
1.484055139901563902e-01
1.639753629626115594e-01
1.871375849485294451e-01
2.036135931995737280e-01
2.561337515515820229e-01
2.928362635350978960e-01
3.469793331526132563e-01
3.599962778542468711e-01
3.683898745504878280e-01
3.975508838777844223e-01
4.043673506932399797e-01
4.141237078279552120e-01
4.383130104696409401e-01
4.560016530229379916e-01
4.607141749532971953e-01
4.997585720374550511e-01
5.131121392580326734e-01
5.375878931100130931e-01
5.711391034870081373e-01
6.335364583802070015e-01
6.771366416763155982e-01
6.920252672727411625e-01
6.951248073354090451e-01
7.908792251052618738e-01
7.914606849495131602e-01
7.930854465502366057e-01
8.208536030330111366e-01
8.229407588434811682e-01
8.264067389930205287e-01
1.070694122511478774e+00
1.081552215625258828e+00
1.089681671315534617e+00
1.187693404705811195e+00
1.228254343200662291e+00
1.262336980591197477e+00
1.353711398486165285e+00
1.464300593715485821e+00
1.516765373539715300e+00
1.560448923353038309e+00
1.613043092501076359e+00
1.613547890484608338e+00
1.622772863907910201e+00
1.665281580448766618e+00
1.679574913149584514e+00
1.688030164974487324e+00
1.723311978690158952e+00
1.732372604260931759e+00
1.817985833704240717e+00
1.820187176406907748e+00
1.851450803538926548e+00
1.889112924635251600e+00
1.895728886931199897e+00
1.899291103944415804e+00
1.930642017124980514e+00
2.036784271430543303e+00
2.048818679379550645e+00
2.064842443598148947e+00
2.095853328550286054e+00
2.099133888550721139e+00
2.130367336147184432e+00
2.134643521596362614e+00
2.143629842814294140e+00
2.190397670539899533e+00
2.222381525279395031e+00
2.235509405110025050e+00
2.269847441029845037e+00
2.300679753442304687e+00
2.348617401939379956e+00
2.373477842492200285e+00
2.421149548430832077e+00
2.497863801542059559e+00
2.570667295362077276e+00
2.574735817599981491e+00
2.581308913449661624e+00
2.584239671064404664e+00
2.586616125335021721e+00
2.604710613327136493e+00
2.609175809564132642e+00
2.631370035354252401e+00
2.659076783931710874e+00
2.704155339464465957e+00
2.756716451652312383e+00
2.809442251740537522e+00
2.850508206109366949e+00
2.905239727476010447e+00
2.971946690412583525e+00
2.985989510935606273e+00
3.036478423124656434e+00
3.045664908398626469e+00
3.109745677556936538e+00
3.123505298197880808e+00
3.131100360268818772e+00
3.144496317287522658e+00
3.193567096064993560e+00
3.286115416176436987e+00
3.324100072366941383e+00
3.337571766399062501e+00
3.404468369341722145e+00
3.448123987688296310e+00
3.520136946157811586e+00
3.525484542252507847e+00
3.559967114151534329e+00
3.578583172908720300e+00
3.622559823881666752e+00
3.682556632136600339e+00
3.722602743243456302e+00
3.742481371185047312e+00
3.775107629549500743e+00
3.928985322289164195e+00
3.931255132056016066e+00
3.935001087359135674e+00
3.986373668585990515e+00
3.999392602783328421e+00
4.023168075336374550e+00
4.028629583287006710e+00
4.029663759882887497e+00
4.032413004679092694e+00
4.044845745020423600e+00
4.136170110695411850e+00
4.172069843611510009e+00
4.281515371712565354e+00
4.328711742558676079e+00
4.377935942191435004e+00
4.379566631434138380e+00
4.385326004315327708e+00
4.396591763876873671e+00
4.434228679946874863e+00
4.438096918140739255e+00
4.444936724200359457e+00
4.483685411291356004e+00
4.503349497565741544e+00
4.511686015805103978e+00
4.512224883811163600e+00
4.549895273468174572e+00
4.591032165654595154e+00
4.600100543347738657e+00
4.647089827563750219e+00
4.666515211308989386e+00
4.685286349516410986e+00
4.706434673610416120e+00
4.741523853944068279e+00
4.750911288899476226e+00
4.760949126646345952e+00
4.801562626511613807e+00
4.847634075720129054e+00
4.860796850374384803e+00
4.901142719806459880e+00
4.963988794567522511e+00
5.041167405464265450e+00
5.048747833373223415e+00
5.088540030332480590e+00
5.098643588385952441e+00
5.135404036945898198e+00
5.147947333205834752e+00
5.199388632475852923e+00
5.214855866008109686e+00
5.248737181591837775e+00
5.300336663922673885e+00
5.351472452906992139e+00
5.411844061584072385e+00
5.438039505517724415e+00
5.488392611193792625e+00
5.512460945745758956e+00
5.595542562053301694e+00
5.607861929629563313e+00
5.650874273783999868e+00
5.700376818447749017e+00
5.731808393446333305e+00
5.865396551831676852e+00
5.882394619886218479e+00
5.884816884437985784e+00
5.921944218251097070e+00
5.970311716003730673e+00
5.972403288979247549e+00
6.002583296243686029e+00
6.052750832961812044e+00
6.083516670438823049e+00
6.098536851831948269e+00
6.170153425619425924e+00
6.233417506659373331e+00
6.257942560536122301e+00
6.264131625445368279e+00
6.268614879772627546e+00
6.302595096897376514e+00
6.313278183760741236e+00
6.322740583887871857e+00
6.340697598404029023e+00
6.376369721735950513e+00
6.461550657596550451e+00
6.552482247086482303e+00
6.587088349761106798e+00
6.606642283456342746e+00
6.615082014445966330e+00
6.633775200562443075e+00
6.686079193126830411e+00
6.700410711386867391e+00
6.705135479515940133e+00
6.711580029552935756e+00
6.819141485868726704e+00
6.845715383887981176e+00
6.860149639182283821e+00
6.913441066130284973e+00
6.922332221807722341e+00
6.969570727405610455e+00
7.012057823915093913e+00
7.012440316739769308e+00
7.025557022922222394e+00
7.043590480159762635e+00
7.053370369469975643e+00
7.071475935161839033e+00
7.139744135521389090e+00
7.158738678611945794e+00
7.159714827694465988e+00
7.204186584828744522e+00
7.224526227568921044e+00
7.276270348951196176e+00
7.303117298830482440e+00
7.415045101498642488e+00
7.489851285962862981e+00
7.578412399322339787e+00
7.587800274205903861e+00
7.616456783386281515e+00
7.663273534075314863e+00
7.666108701460635722e+00
7.708488567193619190e+00
7.731567719046769760e+00
7.780146554635081202e+00
7.820380355659021454e+00
7.828281712981268292e+00
7.830878214165404749e+00
7.830958712311383074e+00
7.838048892533412193e+00
7.847319030105299298e+00
7.949497375453895565e+00
7.970548502523350898e+00
8.018290213995207694e+00
8.020247342469827956e+00
8.039713325390801302e+00
8.055597068902475399e+00
8.073941127597109357e+00
8.078359857031180979e+00
8.140730633487212486e+00
8.246950623937129521e+00
8.248262698813286775e+00
8.257343598910932059e+00
8.285372454772126360e+00
8.316354663345540743e+00
8.349243250311225495e+00
8.431303667311567551e+00
8.492157795531804609e+00
8.500436383309528665e+00
8.518046776702423273e+00
8.522045462163635676e+00
8.526662335901704637e+00
8.537667473461038270e+00
8.612299397386506072e+00
8.617760291249046745e+00
8.649619222658570195e+00
8.682335541832676640e+00
8.686931962438794841e+00
8.706252867949618945e+00
8.778312674914063862e+00
8.824569324836726736e+00
8.830697873484007587e+00
8.834460987227551243e+00
8.840124523223297004e+00
8.859296306169783364e+00
8.904958175361857187e+00
8.915726036993424586e+00
8.928087844201211709e+00
8.929170046400299654e+00
9.175563316161753136e+00
9.180941048272764249e+00
9.205140003055038989e+00
9.329760423805103287e+00
9.365919505030801062e+00
9.383092345070149776e+00
9.405558022490556169e+00
9.471685045826005123e+00
9.485622080383244281e+00
9.487770678934124291e+00
9.497661440293395430e+00
9.517015075269403823e+00
9.519654114727716276e+00
9.521476570139961737e+00
9.553021853098282890e+00
9.555799928869362247e+00
9.601747378108008490e+00
9.641389837309866095e+00
9.671860112560688449e+00
9.723355218141968237e+00
9.743501025108306735e+00
9.802727757127767561e+00
9.803215957562859018e+00
9.926208067436988358e+00
9.964462071719323077e+00
9.965304372888478923e+00
9.990965402904105730e+00
