-1.452937910311104808e-01
-8.096314184456439300e-02
-5.995259929166715795e-02
-4.069889771634976894e-02
9.358046392422458837e-02
1.433049035179378428e-01
1.848456808935515228e-01
1.985799340156844117e-01
2.305335506636366216e-01
2.483448045741485366e-01
2.630256083314198579e-01
2.845858913555127656e-01
3.484827431329155512e-01
3.726127904123171519e-01
3.894413985316704241e-01
4.067111443495053380e-01
4.230142390793545926e-01
4.265106616904060233e-01
4.376315330220632016e-01
4.441972832543010230e-01
5.162405405488357246e-01
5.493716570034503643e-01
5.789934842679043125e-01
5.825801550916134275e-01
6.661988290245706157e-01
6.689147736043423720e-01
6.972603718920857840e-01
7.280062374225448885e-01
7.635532879213497992e-01
9.237385857412792056e-01
9.239638602906465881e-01
9.391829063744119299e-01
9.847088419658607261e-01
1.002315049033454697e+00
1.009191020358139568e+00
1.040958927473395690e+00
1.173904786399008859e+00
1.252800824220907883e+00
1.257735668673948259e+00
1.306791504987856678e+00
1.307012416706681002e+00
1.388931601655251757e+00
1.396380531672641645e+00
1.415842543614878712e+00
1.513816523433967109e+00
1.546408934892615772e+00
1.572224957459465999e+00
1.595327101108890311e+00
1.612882298298334627e+00
1.673618010980093329e+00
1.691070193037445879e+00
1.712605152979754797e+00
1.719180520012998814e+00
1.795241794646982747e+00
1.820207260746861122e+00
1.850548352011594622e+00
1.853955161164485554e+00
1.919774976640019615e+00
2.025852473153918254e+00
2.032567435980489723e+00
2.051396713667756000e+00
2.093724898527159262e+00
2.118595633162339453e+00
2.124332175932352129e+00
2.124638844424842965e+00
2.142882792978185513e+00
2.166865377878686161e+00
2.297607087248775937e+00
2.381355528784911080e+00
2.435810517998876712e+00
2.440417287790314749e+00
2.445481837100432543e+00
2.464839175515578074e+00
2.492419248407850230e+00
2.507923766389903442e+00
2.509173427232870068e+00
2.547920175576161572e+00
2.569180071994942693e+00
2.577049367156874382e+00
2.643487526335787763e+00
2.661398895979149248e+00
2.662716614306982255e+00
2.664122653067924951e+00
2.739777825790554289e+00
2.742456343452190026e+00
2.810783469423567826e+00
2.852948393361859125e+00
2.939755492563205230e+00
3.038809156774579190e+00
3.098178529267451076e+00
3.099286538137212332e+00
3.101146908133613156e+00
3.101945811739092118e+00
3.141571763481561863e+00
3.158167884242659706e+00
3.165891566633468823e+00
3.222801596446797756e+00
3.252732240453930945e+00
3.284573505419068784e+00
3.316735143174540656e+00
3.334677547825469546e+00
3.355421163903301807e+00
3.355854066992401741e+00
3.359777063326604196e+00
3.434305133268197974e+00
3.447695561693047139e+00
3.450433001604236161e+00
3.454160037217639978e+00
3.601532175167542871e+00
3.614593627514064433e+00
3.676273426671372135e+00
3.676940933375562270e+00
3.715043902648866858e+00
3.717354026983838100e+00
3.725103909462455398e+00
3.725677921741787912e+00
3.770930471459700506e+00
3.813563087387564998e+00
3.924298953507741494e+00
3.969082269826269105e+00
3.969757683337611809e+00
3.974310217082974717e+00
3.995066630185936774e+00
4.007519290989799643e+00
4.043759822694742212e+00
4.052101806129736694e+00
4.071701577540678407e+00
4.081726597311531535e+00
4.109147852706042769e+00
4.131697484650050711e+00
4.169902295691136018e+00
4.181215192961227345e+00
4.184437561216757473e+00
4.196612968453601766e+00
4.203005129018555053e+00
4.227600719538525453e+00
4.423186542528557474e+00
4.481874913719440023e+00
4.529792663557486776e+00
4.531577261359734266e+00
4.579412406077913111e+00
4.594442597506420256e+00
4.700597987642372466e+00
4.735525240547088011e+00
4.779744768390214560e+00
4.801457893730143311e+00
4.823857642481046426e+00
4.838723281348427996e+00
4.892489761335781395e+00
4.916830582172216246e+00
4.922662413279836890e+00
4.942980062141061559e+00
4.960115132954692641e+00
5.138415645185506975e+00
5.158714235790202274e+00
5.163331378562934226e+00
5.271016355330763403e+00
5.282786054017965860e+00
5.366133819229816027e+00
5.410752873567496124e+00
5.415035832738688271e+00
5.419578523563641781e+00
5.461125373948626738e+00
5.464295728660927942e+00
5.533845001662479390e+00
5.534736879442490931e+00
5.557741283749010996e+00
5.605490706855266403e+00
5.629291658823119882e+00
5.651316798021956522e+00
5.656214625593301903e+00
5.730727089803973051e+00
5.754060469133359668e+00
5.800624401276290421e+00
5.878265668245107989e+00
5.988822966288440242e+00
6.022196881751454178e+00
6.066238033528236429e+00
6.091644198863829018e+00
6.095610740525588156e+00
6.098232820990070913e+00
6.156571826338361753e+00
6.239996938411487726e+00
6.251140444030641063e+00
6.299148575254172044e+00
6.336632677353409626e+00
6.420730194668207602e+00
6.434974815360825495e+00
6.449787433029564809e+00
6.462476073189388437e+00
6.583506046096314179e+00
6.586886450690647266e+00
6.589338415053832776e+00
6.604727809638508695e+00
6.623149014525361089e+00
6.635482395711197690e+00
6.699499947845354519e+00
6.752058761718505941e+00
6.760653522874208399e+00
6.774617824236218055e+00
6.777795571213305337e+00
6.790183358152884985e+00
6.870616466077602347e+00
6.902715871541521331e+00
6.910909235125887840e+00
6.972422320865110379e+00
7.012532248121460476e+00
7.125291471770026419e+00
7.302547532595575319e+00
7.345209044468906434e+00
7.427113255841743644e+00
7.434251736802425015e+00
7.470460548478807361e+00
7.474726166472934530e+00
7.535875889279838979e+00
7.649150669642355460e+00
7.673501881950468118e+00
7.727210146088069997e+00
7.738163477371066357e+00
7.739654570460706040e+00
7.789016352015622147e+00
7.878083197118191272e+00
7.951868778949346073e+00
7.954028622170238982e+00
7.958061604987146431e+00
7.983096828583044591e+00
7.987547163531945493e+00
8.028802539853446163e+00
8.034583502610386674e+00
8.054144798458246157e+00
8.068758338101972072e+00
8.083334465143837022e+00
8.090759310184614250e+00
8.117631224548654600e+00
8.131752040086144717e+00
8.152083093855647888e+00
8.153356276388237234e+00
8.155793743034969623e+00
8.193628074010783635e+00
8.211173517016268519e+00
8.220175866795878861e+00
8.243147418100784662e+00
8.252918949377070490e+00
8.288329556166901924e+00
8.309940910757610766e+00
8.316903731737323113e+00
8.326396548935999675e+00
8.342441751215368129e+00
8.349403020733843661e+00
8.415230064121422160e+00
8.419757666661340068e+00
8.432479783987957944e+00
8.504213244470438582e+00
8.514420480329437879e+00
8.552021505986825645e+00
8.560866094330398468e+00
8.568619253629893961e+00
8.669343291560794640e+00
8.778617262190419268e+00
8.810483249658581428e+00
8.811484457736073139e+00
8.814812962370174532e+00
8.830089590866833760e+00
8.838236842567194884e+00
8.878158022498322310e+00
8.884785747325658178e+00
8.894051786539488802e+00
8.984541788427502951e+00
9.104133022869737246e+00
9.105927719671498721e+00
9.136106536611769968e+00
9.179315524979347884e+00
9.188135461013530403e+00
9.231513560376439997e+00
9.305444332581098266e+00
9.350016481756004083e+00
9.366313316650293430e+00
9.367085668896848460e+00
9.400440323357997841e+00
9.408433147886508863e+00
9.434680841405642227e+00
9.463779017599650345e+00
9.535633034001621766e+00
9.575902890737687301e+00
9.595705675433160664e+00
9.608012910197620826e+00
9.608361874008288339e+00
9.617025356604232300e+00
9.647543418697074102e+00
9.649939805287095496e+00
9.769387646456992869e+00
9.790753054922484822e+00
9.863378291904753681e+00
9.893125560400616081e+00
9.897649541716015520e+00
9.919078376757752835e+00
9.943694947921052574e+00
