-1.372135872974967197e-01
-1.239079696126954566e-01
-1.120910909090231528e-01
-5.642064359557069642e-02
-4.722848639528196002e-02
-3.234697401730141086e-02
3.989085804869488272e-02
4.397021768961448251e-02
7.236994972044563657e-02
1.402940396033562354e-01
1.888124062470189490e-01
2.172290669263926000e-01
2.595489091027196049e-01
2.977329001399772745e-01
3.391646213940097687e-01
3.529547552409936784e-01
3.999526988851795362e-01
4.564944984790188509e-01
4.727027439826576027e-01
5.473604709901436216e-01
5.498798570355329929e-01
5.867458840435146872e-01
6.169838952120707543e-01
6.335072570736377529e-01
6.428797568181332522e-01
6.502269868109169515e-01
6.509418408565359471e-01
6.704671843250011865e-01
6.854069006467315983e-01
6.944915150654635827e-01
7.018571657400267672e-01
7.845728463139201025e-01
8.214675531392217067e-01
8.351775936197700645e-01
8.424734424496966856e-01
8.730100706972470093e-01
9.266040311395100648e-01
9.334164667386721792e-01
9.679463394180702895e-01
9.886138639520434257e-01
1.010055512607458406e+00
1.010346009200870698e+00
1.176722677478718060e+00
1.196438922527764737e+00
1.204194182636088684e+00
1.230797235780605625e+00
1.246827004431567243e+00
1.251447293939409677e+00
1.254267703522240929e+00
1.300310048808456020e+00
1.312804084778692149e+00
1.356104206416912650e+00
1.426092188893315571e+00
1.439610617630777911e+00
1.452886711192468150e+00
1.466455542245742150e+00
1.529468600123586874e+00
1.561875750030492949e+00
1.594686053497594846e+00
1.615236471902827819e+00
1.633929153457284622e+00
1.704513416375646795e+00
1.743113541198886951e+00
1.751547524971053704e+00
1.823849850494470681e+00
1.901008896163747020e+00
2.031646974494266900e+00
2.058416298024492441e+00
2.098366851555284907e+00
2.105869950506722432e+00
2.107771291023727844e+00
2.191614648555785028e+00
2.275914163079611807e+00
2.296006449431707619e+00
2.432182602252008774e+00
2.450732809456284578e+00
2.458678241041812651e+00
2.480945671996510615e+00
2.487394335821439206e+00
2.500888203235841711e+00
2.502252780772444840e+00
2.507099543780259676e+00
2.516605955679939388e+00
2.543761763125825581e+00
2.570812156373993851e+00
2.604278671136805112e+00
2.645621661597360230e+00
2.665369789644034260e+00
2.812113780012257092e+00
2.840779763719775808e+00
2.880901865486408031e+00
2.913142929830464745e+00
2.977567858463697981e+00
2.985504710182218524e+00
3.001658403037206657e+00
3.103580145552848446e+00
3.114207974292134473e+00
3.173561632312270842e+00
3.185025415778377500e+00
3.224388194725822387e+00
3.254535266883611833e+00
3.256923511278521310e+00
3.267652038416364757e+00
3.282474685756643584e+00
3.381353584373522292e+00
3.389785259718725463e+00
3.417138025677589841e+00
3.425086464482598902e+00
3.448914303893679367e+00
3.493298443655158625e+00
3.498359600857534613e+00
3.562382907299298296e+00
3.597129681740877327e+00
3.599051336099271747e+00
3.655200760649335301e+00
3.676976749398582545e+00
3.677867041160136630e+00
3.722869277091638285e+00
3.845657337313641122e+00
3.874360220000611754e+00
3.904076769210081288e+00
3.911033438509449844e+00
3.936979277417115064e+00
3.971651712362830544e+00
3.992223514614495095e+00
4.072959211426747217e+00
4.105042496209618363e+00
4.176996964334040996e+00
4.199296464593548883e+00
4.216968173372718454e+00
4.265993389823966808e+00
4.296360983371768860e+00
4.302357845622085897e+00
4.422728355518095178e+00
4.430564115576709483e+00
4.446779278944204883e+00
4.521139085934796853e+00
4.558062624148988107e+00
4.575546953227524583e+00
4.587458091056322296e+00
4.607957150063399787e+00
4.682132683780572791e+00
4.749555180441009661e+00
4.768711382349315464e+00
4.786900601612624762e+00
4.820846969964037498e+00
4.821873503364910718e+00
4.835996918138212308e+00
4.844833552238031693e+00
4.889712894172498991e+00
4.956275086412679443e+00
5.027296124815363143e+00
5.056410607593512019e+00
5.074495926198213880e+00
5.094541439506237168e+00
5.120973859187205157e+00
5.126920567947960805e+00
5.188278875830401482e+00
5.195349435109976710e+00
5.232057364593792670e+00
5.251673492170410462e+00
5.315578901039987869e+00
5.320878900103767073e+00
5.330769260324259129e+00
5.332144065656893694e+00
5.370179591443315914e+00
5.390946175498790183e+00
5.396591175550925712e+00
5.427262549788541612e+00
5.435024163339979175e+00
5.435462360380436841e+00
5.520680367226503904e+00
5.525451529129827399e+00
5.552155739831061254e+00
5.565028388046059149e+00
5.615614878407154897e+00
5.630830579152189763e+00
5.638943546076934155e+00
5.656279559220023678e+00
5.672199657427605679e+00
5.713956739836578258e+00
5.716729992805796634e+00
5.718830058133645089e+00
5.738915654113812437e+00
5.771733955770761426e+00
5.808540232370270395e+00
5.818489774968695905e+00
5.825620330169433814e+00
5.826810479957290845e+00
5.850502602579714662e+00
5.872004598071414172e+00
5.889317325159410643e+00
5.900639578299467836e+00
5.942708091376781354e+00
5.947937214205800238e+00
5.950863706145973708e+00
5.976448256542608028e+00
5.985378322798111661e+00
6.020474893714271580e+00
6.026359953661643232e+00
6.054039993054353808e+00
6.098671128274896880e+00
6.116417136217934925e+00
6.157696699441083332e+00
6.158640178459850567e+00
6.166831068428251683e+00
6.216527561646549849e+00
6.281664936196738047e+00
6.319980279778255827e+00
6.327950299938386536e+00
6.386524380582127236e+00
6.405742020908397727e+00
6.408435957772848468e+00
6.440892529339320660e+00
6.448199365966265084e+00
6.524750254945356431e+00
6.535595427871919938e+00
6.552283414860000654e+00
6.572301633001609744e+00
6.582245042648841249e+00
6.597430053460350940e+00
6.608533396762704015e+00
6.684839330878455499e+00
6.690421016996717540e+00
6.743639243543098516e+00
6.771457527421781641e+00
6.773414711985986436e+00
6.801420513274643476e+00
6.865125420148578961e+00
6.981467021203066281e+00
7.039929109711917654e+00
7.096501955338180068e+00
7.156657494900285243e+00
7.188537580531195736e+00
7.296285352312820827e+00
7.304631570625357284e+00
7.363354705990746929e+00
7.493543766360216907e+00
7.557804922030302741e+00
7.561186236917289527e+00
7.562733723138490127e+00
7.600916671610423947e+00
7.754625867891428825e+00
7.769994747874292784e+00
7.816113879628574956e+00
7.826740024334578827e+00
7.843011527812035588e+00
7.858556015625187463e+00
7.860195257923524359e+00
7.928605574752903173e+00
7.938867536289346383e+00
7.946095941400282747e+00
7.956805192517042435e+00
7.974568963037516944e+00
7.977913320040820544e+00
8.006904354135997437e+00
8.054449223536780167e+00
8.064072862086002047e+00
8.088371715790806604e+00
8.089162921215814706e+00
8.124294814615346638e+00
8.159968265988538860e+00
8.185609472177384660e+00
8.186901111781761387e+00
8.262550626474913784e+00
8.308801994438473670e+00
8.329950013173174739e+00
8.334362985623462450e+00
8.366259192924328403e+00
8.378227373313714921e+00
8.448126285715366279e+00
8.451799727650701755e+00
8.464906556881075517e+00
8.494978542805057486e+00
8.499339456244225488e+00
8.501977443921514777e+00
8.559435340980369844e+00
8.603454114412762976e+00
8.609711779519823693e+00
8.609918099050416274e+00
8.681420583891066300e+00
8.690191846440580292e+00
8.708996934820440572e+00
8.709208557280890162e+00
8.716163256974967410e+00
8.783939685474122072e+00
8.784800759622994448e+00
8.790326733562448425e+00
8.807240325788210811e+00
8.829686760395171419e+00
8.832846067123410805e+00
8.883237923091797938e+00
8.944192269210923030e+00
8.965050327422122933e+00
8.980035394629171108e+00
9.029643841610619504e+00
9.090136049606874380e+00
9.105937007931554916e+00
9.113316418864020108e+00
9.140010558140158281e+00
9.158866890510962477e+00
9.186091005056379544e+00
9.220328803151099706e+00
9.273713054197006755e+00
9.287135916385389933e+00
9.303424756449668820e+00
9.327704289343502708e+00
9.367213355784077322e+00
9.421358748883751133e+00
9.425573862916486689e+00
9.446053654497919894e+00
9.466638792141630177e+00
9.494297929032345706e+00
9.528497954025999306e+00
9.553903803906868220e+00
9.562114676713333594e+00
9.633191787911377091e+00
9.640144769960295790e+00
9.677550230451084090e+00
9.683950254597249341e+00
9.766370658180706599e+00
9.853733127397372726e+00
9.853892258553246464e+00
9.874344177398182154e+00
9.889007592687384829e+00
9.915914871776056572e+00
9.931917446751922895e+00
9.944811772870000510e+00
9.950127473234717357e+00
