-1.809483973015343083e-01
-1.725261952981949620e-01
-1.625997840246345416e-01
-1.261280656189476823e-01
-1.029553300403678456e-01
-1.013885014535362977e-01
-9.425188845830707873e-02
-7.454155344978857789e-02
-3.854216795816034491e-02
7.425761119922902331e-02
8.556212792546452617e-02
1.430910212891930433e-01
1.440917919990397089e-01
1.963323308910980836e-01
2.067053894735927932e-01
2.229485519912997038e-01
2.234448085804103812e-01
2.655718409980023509e-01
2.899590499036009406e-01
3.046046200702559603e-01
3.216727641729180687e-01
3.288531159763326550e-01
3.668954882980312582e-01
3.781619068650262094e-01
3.790556727172219031e-01
4.183336329797927022e-01
4.537345218051088147e-01
4.602308498150848304e-01
4.658262607953556622e-01
4.976008861177513842e-01
5.945049017911125944e-01
6.023882842001502258e-01
6.554670083687921256e-01
7.023386909862940897e-01
7.084906553803647089e-01
7.225072174665996272e-01
7.238928999891849347e-01
7.333334965342064304e-01
7.722332081369081003e-01
8.319506929101547765e-01
9.303011367556353051e-01
9.596146194265606777e-01
9.740268163995347006e-01
9.959185178239264857e-01
1.025876524001013257e+00
1.048693554414906526e+00
1.110722750681548465e+00
1.115095048798941946e+00
1.175461977304625538e+00
1.178636846387908221e+00
1.248117022698293388e+00
1.277721415212164979e+00
1.345114746959699792e+00
1.353519528060879606e+00
1.428574182468441034e+00
1.469953843934138193e+00
1.500391230749753335e+00
1.593595306540878775e+00
1.600918478941736778e+00
1.604110866506097688e+00
1.620801266706596522e+00
1.687407375563854783e+00
1.695608549636977269e+00
1.747498933195831272e+00
1.827106872598230014e+00
1.849762159477418733e+00
1.907596273883091831e+00
1.988549760662675192e+00
2.033751270286197954e+00
2.058730416712032607e+00
2.064913856352481147e+00
2.079429257116045537e+00
2.089283595284518125e+00
2.116453055116201742e+00
2.124200620087676850e+00
2.164112410297730271e+00
2.170366217606062964e+00
2.190311669918339366e+00
2.238210457996683278e+00
2.247363302227152637e+00
2.275864878843424588e+00
2.338678856587836030e+00
2.340018984652271428e+00
2.388526729141687621e+00
2.391070903957784211e+00
2.449920339286908444e+00
2.459413093408504558e+00
2.461953380584053441e+00
2.467008683400019109e+00
2.471285024055614787e+00
2.484923331117387058e+00
2.488826833642073577e+00
2.549022868279720022e+00
2.564023267886043733e+00
2.572877226412390694e+00
2.681438075704401403e+00
2.721516260092453177e+00
2.790074678680601661e+00
2.799843504539585748e+00
2.823285382252467279e+00
2.856281672477225531e+00
2.936020699289442870e+00
2.937122800696155611e+00
2.950275658803692025e+00
2.991102111965525889e+00
3.063040648071543526e+00
3.064509391741697009e+00
3.094619415901912696e+00
3.096140514389357445e+00
3.111407483825727294e+00
3.163489948843518196e+00
3.247716742816243229e+00
3.349929512019487188e+00
3.358259493395376438e+00
3.474153689100697218e+00
3.493717124339498881e+00
3.518533409895429731e+00
3.536123814218654626e+00
3.608270089663267122e+00
3.633982678204857208e+00
3.647843250353520528e+00
3.665457772179496310e+00
3.678230620376065296e+00
3.714876392652511239e+00
3.747091156752881069e+00
3.759557017282856961e+00
3.784368573353264154e+00
3.807083122229245831e+00
3.818689717067361933e+00
3.844184265833763270e+00
4.045373169712133787e+00
4.047876019911370804e+00
4.061095537004137945e+00
4.061290542109565749e+00
4.166630270668672864e+00
4.219356915186446955e+00
4.227368047352316083e+00
4.243219973794289501e+00
4.243793922329961887e+00
4.260968562765336642e+00
4.292029297516585906e+00
4.388441590335124154e+00
4.407937945425340232e+00
4.423512690903669053e+00
4.460884194634931355e+00
4.518195980188055572e+00
4.589293026548147303e+00
4.616072034524605350e+00
4.710609614552536684e+00
4.722777867498035853e+00
4.767002889639219809e+00
4.777290250086065448e+00
4.808018135558065786e+00
4.816545450332047729e+00
4.845138446270208732e+00
4.882171210717126897e+00
4.896734032735444053e+00
4.936726999452892173e+00
5.004316928500145423e+00
5.063095557776562394e+00
5.063759510662649177e+00
5.083094959455981332e+00
5.153183019878761151e+00
5.161138543076946306e+00
5.191982577712761504e+00
5.219272392105017921e+00
5.270506556492910555e+00
5.273891943416073147e+00
5.418485276506613602e+00
5.475667700870089583e+00
5.490610364884126682e+00
5.563831165519640187e+00
5.576404282544246804e+00
5.683499536348223913e+00
5.694718189619041304e+00
5.757199475917158971e+00
5.769171592033897511e+00
5.786598708960916326e+00
5.820773003015240477e+00
5.836982620067494132e+00
5.870836433195637305e+00
5.904559966297836304e+00
5.965174436167127503e+00
5.977655556467563081e+00
6.001584617737951710e+00
6.019238387975667237e+00
6.048009920266652628e+00
6.053055489017144630e+00
6.054099516225647903e+00
6.091818571109136826e+00
6.141637306551985809e+00
6.172914121468799920e+00
6.222870069502944190e+00
6.227735618082949287e+00
6.252415250536202507e+00
6.269673186339324467e+00
6.305362400940312639e+00
6.321453880465983666e+00
6.387018231226369025e+00
6.410892932006627909e+00
6.447686095953033991e+00
6.460240496527880794e+00
6.482714628357180153e+00
6.485403753695420548e+00
6.547833267627975573e+00
6.547928464178342622e+00
6.578513587401059404e+00
6.586026558442487300e+00
6.600111668554724531e+00
6.600317552078146299e+00
6.613435974844459331e+00
6.639603779382573734e+00
6.642408771696795000e+00
6.730081017157632850e+00
6.763038564351762538e+00
6.817176993111238481e+00
6.832955882458565000e+00
6.840260796688656164e+00
6.859264303934542895e+00
6.865716628736067584e+00
6.868509957779524555e+00
6.871716667814157908e+00
6.958415880911786644e+00
6.986949157989314152e+00
7.052582145912646538e+00
7.067761201286580253e+00
7.123937340350386727e+00
7.138938391818988372e+00
7.163250017305583306e+00
7.212512028517480189e+00
7.215173944103116632e+00
7.221133215577722808e+00
7.232322155589911539e+00
7.279471058560085694e+00
7.313381257974329586e+00
7.327523945212000456e+00
7.335766352627700826e+00
7.338921382912599434e+00
7.348126304026900257e+00
7.354787154010386629e+00
7.385934920475077270e+00
7.390855891878878481e+00
7.416498415618872464e+00
7.427736871765361570e+00
7.463659903856576960e+00
7.466069790426953290e+00
7.469584986429997464e+00
7.524084806732496133e+00
7.608473839259603189e+00
7.626627924467831221e+00
7.633065663310926396e+00
7.653106830013383544e+00
7.681964692628383773e+00
7.699175613900354875e+00
7.781804492343779245e+00
7.794058761712351568e+00
7.797152536728919614e+00
7.840273451510554104e+00
7.864622515154125360e+00
7.876779252324859648e+00
7.937262517337981826e+00
7.937863880217915558e+00
7.992195501285011439e+00
7.993125631573298584e+00
8.058769650164657961e+00
8.090428382226249937e+00
8.098540230984147215e+00
8.109293133714627899e+00
8.110356902958642422e+00
8.139793335003298935e+00
8.142356565276600122e+00
8.175970764230529042e+00
8.197042664124378319e+00
8.215480745075760538e+00
8.232655543575805979e+00
8.240608011647518438e+00
8.297291482618870617e+00
8.304732985922877120e+00
8.316951618485825648e+00
8.318897919496469839e+00
8.361108174686071592e+00
8.368592398592703319e+00
8.429330409475065622e+00
8.455575785335380345e+00
8.495202677149297443e+00
8.535177379396847286e+00
8.674691396983616798e+00
8.694088574381890311e+00
8.700039256190329695e+00
8.701348995938731790e+00
8.710272220204034355e+00
8.766943108092220882e+00
8.786786124084017047e+00
8.823325276652960625e+00
8.826342743689977510e+00
8.856667788447939671e+00
8.859677720173701587e+00
8.923099139963644788e+00
9.005913332519636327e+00
9.031358477902182713e+00
9.228313712116881007e+00
9.274298465174188877e+00
9.284852740020843598e+00
9.286904092192736826e+00
9.298410040649727648e+00
9.414977905692834881e+00
9.499073779552766439e+00
9.520872496880919300e+00
9.607889930936719836e+00
9.668414904843530167e+00
9.673540184287416466e+00
9.696119934211766989e+00
9.741426199016743226e+00
9.771045587119647990e+00
9.792572427797024304e+00
9.811920601229619621e+00
9.835454489357502439e+00
9.867112719629716366e+00
9.902509659509702189e+00
9.922214855309023918e+00
9.988193202912452051e+00
9.991815233560863874e+00
