-1.414134103562625366e-01
-7.027746265584419727e-02
-6.816795368376221687e-02
-1.348426213135550666e-02
3.656041820059757752e-02
6.171728517047697649e-02
7.419957310263464167e-02
1.211143776868718880e-01
1.303533237051880400e-01
1.344367031789286404e-01
1.517694540854438445e-01
1.542943227313582910e-01
1.753797368369242604e-01
1.775829531128865768e-01
2.221748447501015744e-01
3.052699798059617664e-01
3.226483931125662674e-01
4.112114476775581839e-01
4.627140414946269709e-01
4.994004022723690928e-01
5.540713716048271120e-01
5.890242404492078698e-01
6.001896740972390010e-01
6.272105836889332320e-01
6.299209494326070136e-01
6.399265892836014658e-01
6.713556855068421036e-01
6.874433247243181277e-01
7.797768534431628318e-01
8.139775591452222958e-01
8.405315143727589700e-01
8.430198802678985359e-01
8.677487185644738865e-01
8.735692352700854535e-01
8.811348164818819662e-01
8.854387690138822986e-01
9.403952045314536434e-01
1.000331639212665102e+00
1.053105800476331178e+00
1.087800787579919382e+00
1.128052781290018292e+00
1.173107373940190712e+00
1.228609502357790761e+00
1.235197745605870034e+00
1.312009068239523568e+00
1.338964031039807434e+00
1.397575375868540970e+00
1.418749536221767915e+00
1.423237334564189771e+00
1.456637226623141101e+00
1.476292755730294060e+00
1.485801535299162257e+00
1.505811511585829710e+00
1.513823627322561816e+00
1.515467355577316155e+00
1.530225073531916058e+00
1.562801371917444060e+00
1.595202401530666281e+00
1.595792751854798741e+00
1.600481845731612118e+00
1.603096417845512711e+00
1.644405852700952630e+00
1.672353863517167971e+00
1.678838238294942498e+00
1.775718781627500631e+00
1.781901710029238473e+00
1.853816344394018545e+00
2.061979306814755830e+00
2.100900738641106269e+00
2.224361043928313020e+00
2.227281755271976582e+00
2.242640496453330634e+00
2.258091618506752773e+00
2.350289778604187862e+00
2.367656091595368828e+00
2.429165242647600031e+00
2.468424103167108363e+00
2.469863293614285471e+00
2.485601057793247470e+00
2.487460642374923037e+00
2.498474589872414775e+00
2.522199196823990519e+00
2.544325959078653998e+00
2.555719636883450274e+00
2.560009156931155161e+00
2.564360689767350099e+00
2.570217389275057940e+00
2.670074166529868176e+00
2.725127739101331770e+00
2.763501765821969158e+00
2.773414695101776850e+00
2.783730815798767910e+00
2.798702437990502112e+00
2.829561936305245773e+00
2.836540113067441027e+00
2.872833715878197136e+00
2.889139088633089436e+00
2.889199755381257173e+00
2.899699951162144629e+00
2.904380682530912861e+00
2.991171058946401118e+00
3.048920944783083620e+00
3.082354249768396670e+00
3.100174719547141411e+00
3.115905565919498965e+00
3.135322969234682233e+00
3.136696358615382874e+00
3.149604219214509726e+00
3.178476958849401512e+00
3.185854987277368267e+00
3.192128589280727624e+00
3.276942557826219016e+00
3.282612222091426446e+00
3.332663091071350170e+00
3.365399960451469941e+00
3.396495725515500830e+00
3.397518476461132142e+00
3.508926551981833342e+00
3.513582204249063867e+00
3.539877901582966668e+00
3.607735682536504118e+00
3.631540472603252745e+00
3.696920602824906865e+00
3.706225357269847365e+00
3.771623669970972426e+00
3.860714502866360753e+00
3.883291356587965204e+00
3.895758945160280540e+00
3.901865307736069433e+00
3.904766677910648909e+00
4.014439303514657276e+00
4.050899063927078991e+00
4.090040645819827958e+00
4.147940300625617915e+00
4.185872728518728714e+00
4.201628568104744943e+00
4.263918464441642797e+00
4.340374062860931303e+00
4.357908470422336755e+00
4.379973201858613940e+00
4.409722905687187833e+00
4.427510696917240196e+00
4.449412728364341874e+00
4.515610514800899367e+00
4.523547218205330012e+00
4.525136849696112407e+00
4.628537271795869046e+00
4.708843189728771250e+00
4.724850380515917436e+00
4.741179521249999418e+00
4.741557786873455527e+00
4.837650202093160878e+00
4.839297809062436784e+00
4.841510724655144315e+00
4.855741878238912790e+00
4.859744685688918153e+00
4.861079585924228397e+00
4.865003078115150537e+00
4.867857878164647545e+00
4.889406769810356934e+00
4.934709794376504810e+00
4.947439132203341750e+00
4.953364357141091467e+00
4.958626491760436572e+00
4.974860852684071411e+00
5.001966335843439637e+00
5.019209884914511477e+00
5.021897106544781053e+00
5.121073299522980626e+00
5.128084811957831057e+00
5.212964979275209743e+00
5.218451931782592368e+00
5.227255620227206023e+00
5.324091426047079523e+00
5.371575569638538106e+00
5.381798515779785852e+00
5.429171593937970997e+00
5.499768783458947929e+00
5.563937218686883845e+00
5.628316001202946950e+00
5.650243144146085861e+00
5.652760062162585974e+00
5.662749986336804930e+00
5.671715649278652904e+00
5.783070253946297257e+00
5.800804542696618604e+00
5.807261409488461368e+00
5.818044729105539936e+00
5.820402668145208125e+00
5.822269614018893868e+00
5.843720199863812859e+00
5.854282886155869114e+00
5.898145286882082061e+00
5.950915239433786752e+00
5.958857602185004154e+00
5.976037766333971213e+00
6.048945751384786185e+00
6.054553223346038848e+00
6.103697176184325279e+00
6.123078155764454245e+00
6.153993425970169184e+00
6.169160062834476932e+00
6.179253521722373854e+00
6.217904228284626633e+00
6.230033133912855625e+00
6.274884956196746799e+00
6.277171941553757684e+00
6.330435046816984546e+00
6.347454426436277330e+00
6.353590258048997796e+00
6.567765800339201654e+00
6.592311877103903761e+00
6.594631566267574740e+00
6.598353724639462570e+00
6.700228110471575960e+00
6.721614144366629517e+00
6.809920736528382257e+00
6.870968388930920767e+00
6.962027381415093252e+00
6.986735082690976206e+00
7.032323328913665961e+00
7.088495355123758834e+00
7.140423393861115464e+00
7.167913271598035152e+00
7.194563150041850541e+00
7.222173638254319350e+00
7.245099656851204273e+00
7.286909734638888914e+00
7.340565179724076295e+00
7.347927418110601572e+00
7.350260411541985839e+00
7.353347146200488460e+00
7.375086920489589026e+00
7.387638283908859904e+00
7.396003848722505936e+00
7.400807178988745072e+00
7.406113428046357861e+00
7.406239348735041084e+00
7.430272612879803340e+00
7.479207609807028589e+00
7.494244541189914344e+00
7.553767703182865390e+00
7.600552595771573827e+00
7.649267682787501244e+00
7.669088257591804236e+00
7.678360858149021695e+00
7.729885042872173706e+00
7.750569929051620122e+00
7.775697852265447629e+00
7.792682837715413591e+00
7.888785691870176642e+00
7.889659256349951910e+00
7.947792109247083125e+00
7.960792229051389945e+00
7.980813415916061082e+00
8.019315214343697207e+00
8.074834563286007239e+00
8.134141945985511768e+00
8.137289991926110133e+00
8.154264292437217065e+00
8.185195413554332333e+00
8.215485004019242865e+00
8.264932833654272670e+00
8.265453200540642698e+00
8.352256465784000383e+00
8.396072226171973796e+00
8.429937770042313261e+00
8.435151900126040658e+00
8.437752426948108564e+00
8.489211648537079213e+00
8.576514134477351448e+00
8.602307192855242590e+00
8.609346880796742596e+00
8.633820321474280135e+00
8.659404504937631586e+00
8.733294557398421532e+00
8.839108094969938989e+00
8.953561297552958820e+00
8.977434762914837663e+00
9.007569371136625591e+00
9.133588268593218373e+00
9.158519250715716709e+00
9.165923803126117875e+00
9.214217974660359189e+00
9.281494389562050529e+00
9.285119016736159026e+00
9.387638712751973813e+00
9.514479540909043465e+00
9.522192709248551878e+00
9.545785311287390940e+00
9.567522196203348983e+00
9.662820570952970201e+00
9.672336815849330804e+00
9.711467119465803322e+00
9.737564196329573818e+00
9.858849095009393437e+00
9.950089457521569258e+00
9.954971478744074176e+00
9.965125734957556602e+00
9.978889149619032395e+00
9.982664650026686459e+00
