-1.392253777813177718e-01
-1.229178919169500589e-01
-7.943999007001593948e-02
-7.590667549217419707e-02
-5.269447353662720657e-02
-9.240459053927785327e-03
9.062977414252271213e-03
9.095533331774585672e-02
1.863304009232413794e-01
2.966422073038256224e-01
3.758111442985205275e-01
3.813602459010387302e-01
4.057821060403688507e-01
4.794870388325762067e-01
4.798010798935124499e-01
4.984406208454517651e-01
5.067625639484241162e-01
5.513074136971758410e-01
5.612178816933262038e-01
6.362022799638240578e-01
6.415387633363296427e-01
6.444584839928226838e-01
7.335491355414522907e-01
7.578430848734032388e-01
7.926109855553316041e-01
8.115250175830701629e-01
8.307555450450523349e-01
8.398484499032392581e-01
8.705017801938053079e-01
8.767635264522501970e-01
9.120382596281098042e-01
9.259721908670703883e-01
9.412414596875036121e-01
1.064422955238083723e+00
1.075113453012471965e+00
1.204482686102859024e+00
1.208455281513213686e+00
1.209018898494670369e+00
1.220003784718199924e+00
1.221792546268990920e+00
1.305045021734008381e+00
1.403692338760711866e+00
1.420433096653815452e+00
1.421197494972910036e+00
1.450489509085422846e+00
1.482126615304870887e+00
1.512072890725367991e+00
1.561723832590755867e+00
1.633061480819857358e+00
1.662383619530239942e+00
1.727764401842507125e+00
1.738060018097064896e+00
1.748018748627508279e+00
1.815181209014236297e+00
1.867776696678123516e+00
1.878927356512623659e+00
1.910214728616525859e+00
1.923572194899754839e+00
1.936047679506937902e+00
1.973258759016902841e+00
1.984790791710231206e+00
2.041816703817393996e+00
2.047475628151117721e+00
2.067893290161974651e+00
2.070464435598841746e+00
2.144430892424469715e+00
2.147776476720604233e+00
2.168336802514012174e+00
2.202018236422389919e+00
2.206647431688065542e+00
2.215785888872082054e+00
2.237092345711064745e+00
2.256227090119830248e+00
2.303456956858370042e+00
2.513271848738355629e+00
2.513579989475742238e+00
2.642042279864616816e+00
2.654148434343084784e+00
2.689483368399073981e+00
2.748079951204051685e+00
2.771019139459743208e+00
2.799843590549727423e+00
2.815032998843954637e+00
2.845665848220377825e+00
2.846611167088841210e+00
2.855577931390748780e+00
2.867944438287031605e+00
2.869489749347675200e+00
2.876381954725029999e+00
3.001686471475145446e+00
3.048986933615822625e+00
3.082265703704378801e+00
3.188473949148803666e+00
3.197657548089402724e+00
3.198618460829280252e+00
3.206058133856972692e+00
3.218506836969522222e+00
3.230957211308731036e+00
3.235374166591354239e+00
3.252434353278738755e+00
3.304568230212360458e+00
3.306327829439017929e+00
3.337034222688208374e+00
3.341378347580975738e+00
3.341580837808468374e+00
3.411558363658397486e+00
3.429619666387917043e+00
3.514965837180947350e+00
3.527961971691416121e+00
3.603814955874359072e+00
3.607392832525393889e+00
3.637688973930444103e+00
3.647877326440537527e+00
3.667315751013294545e+00
3.669729970555792420e+00
3.713286244629243171e+00
3.732628471460437414e+00
3.771708971012428968e+00
3.829069161367962160e+00
3.835186794821385803e+00
3.847849185083149770e+00
3.869559793587909802e+00
3.905745397200329094e+00
3.986377813909346202e+00
4.051255978178939010e+00
4.059076382944804884e+00
4.112602392487000991e+00
4.133440640592271897e+00
4.139727917810527735e+00
4.184429332056669004e+00
4.248592478711664455e+00
4.263386729264619923e+00
4.353525469005213644e+00
4.391523220454028653e+00
4.406677969308476328e+00
4.499377958972897495e+00
4.535656026778572603e+00
4.552411066472625834e+00
4.558141783670556002e+00
4.563749733791143015e+00
4.595055711495213302e+00
4.621604668853176889e+00
4.660157487184751091e+00
4.669530622400881903e+00
4.703327527995644353e+00
4.890724395489391974e+00
4.914596873233632479e+00
4.990182206765330974e+00
5.026049134904062576e+00
5.048502139229380958e+00
5.049193732651364286e+00
5.147862873695918218e+00
5.154144076686398179e+00
5.276429477171983962e+00
5.276524027766628322e+00
5.381071443905881324e+00
5.396295597820878420e+00
5.473265643701422434e+00
5.490450335991590158e+00
5.526741059043184912e+00
5.590794130281789620e+00
5.615990257924829088e+00
5.622737405351286633e+00
5.722152207104577393e+00
5.751958962800637565e+00
5.758518758802211757e+00
5.807282390185857679e+00
5.819638563534466513e+00
5.829886077717616466e+00
5.868678559683977447e+00
5.941812357508157838e+00
5.960075153858379160e+00
5.972430474217383711e+00
5.982848826556554478e+00
6.012172287447338448e+00
6.069808073176410801e+00
6.089235652657760234e+00
6.130891920622063118e+00
6.166126179713858235e+00
6.172992208820831550e+00
6.198212300732435232e+00
6.230835415605947780e+00
6.258128046534046973e+00
6.296489311857943250e+00
6.300614096455019464e+00
6.305161523376794364e+00
6.438888363010311089e+00
6.492174513550443393e+00
6.515281495980708826e+00
6.568973068567191653e+00
6.576408728885545507e+00
6.664235459392044980e+00
6.702725178748819346e+00
6.707435632733254494e+00
6.722454843587152062e+00
6.799279656606861622e+00
6.821979412008108312e+00
6.832304862595937500e+00
6.852604676844560316e+00
6.889324279910510107e+00
6.985501302493010378e+00
7.061162561808639992e+00
7.067287919859358780e+00
7.080125223525897127e+00
7.135097786033343326e+00
7.148992146107855383e+00
7.204557490331413128e+00
7.237456017759424931e+00
7.312633827887578875e+00
7.337045314647576255e+00
7.347668917627458107e+00
7.351534272251485369e+00
7.362286640534093429e+00
7.463007195722508591e+00
7.482544842673603647e+00
7.502858991759953078e+00
7.559121742636447649e+00
7.641481544359809419e+00
7.680561796190381152e+00
7.696141811749543926e+00
7.790203726285642283e+00
7.869449004068912679e+00
7.881330595725864363e+00
7.935748814786930616e+00
7.941203243887977159e+00
8.010022003414151825e+00
8.095031564960541104e+00
8.120818265063810770e+00
8.124430830981099305e+00
8.129962097490206929e+00
8.164152855560503852e+00
8.172499976381480735e+00
8.199160300570035531e+00
8.299625775767582425e+00
8.300880157061151010e+00
8.305894325568036862e+00
8.329186758995591688e+00
8.369527788018455539e+00
8.465218413757650495e+00
8.479333969887282052e+00
8.497129981595222148e+00
8.522583622650692803e+00
8.548443086074595243e+00
8.576563182095583215e+00
8.582241218028848095e+00
8.633864684255618371e+00
8.680683822339473110e+00
8.736764854171013894e+00
8.736916835012651816e+00
8.779216835072093161e+00
8.823053235519369153e+00
8.826333433907466386e+00
8.832728789949348069e+00
8.842892758072906645e+00
8.855013351009652922e+00
8.867398504576105012e+00
8.891060198152207050e+00
8.972109254182731419e+00
9.024186492812120264e+00
9.082582516749475587e+00
9.086692253696460497e+00
9.109731437819142741e+00
9.175267411698408537e+00
9.221903680667066894e+00
9.222422951706535699e+00
9.257682170083647577e+00
9.263558862927062876e+00
9.272825314257012508e+00
9.326984992917264350e+00
9.339746922845536758e+00
9.432911927382956918e+00
9.539184469828748902e+00
9.566027105860406721e+00
9.628128005367464937e+00
9.669036639579319470e+00
9.702843525380638212e+00
9.728723289741619595e+00
9.760147964270309728e+00
9.762429976926368269e+00
9.818419116011114056e+00
9.848513510398040793e+00
9.855960797680182850e+00
9.858352406031549720e+00
9.865774307086429218e+00
9.883607731941626895e+00
9.918481853559640626e+00
9.934276816401112598e+00
9.960819652349746534e+00
