-1.678511855448959478e-01
-1.466921531068908768e-01
-1.373216238852353888e-01
-1.180292263664329128e-01
-1.158809303702735827e-01
-8.066433831042453539e-02
-6.603708754788445434e-02
-6.124863970299154747e-02
-5.680889888428453105e-02
-5.437503359465828412e-02
-4.963464177633403196e-02
-3.226037879435758593e-02
-2.738675514806823696e-02
-1.199293260917949633e-02
1.973527513156664304e-02
4.848795840361355691e-02
4.867000071714636111e-02
1.307252404763599718e-01
1.643467925167305665e-01
2.200003595100648579e-01
2.525773820823400406e-01
2.732204976011308184e-01
2.956205060710173638e-01
3.135954520920008481e-01
3.172813779730249695e-01
3.307174075883318465e-01
3.686572788799627465e-01
4.996535461293145075e-01
5.858042821524860333e-01
7.184801492744581353e-01
8.239081930323517433e-01
8.311814507854575762e-01
8.424940707991563915e-01
8.457404173136775505e-01
8.620711371039548876e-01
9.233507940301186601e-01
9.445501098081383606e-01
9.568758535030545964e-01
1.052465868374502733e+00
1.057235420037718976e+00
1.111054657042628957e+00
1.115798839165222711e+00
1.136011054056412339e+00
1.155676062036975926e+00
1.170805813929580719e+00
1.185432592357301917e+00
1.199596262295068438e+00
1.255706096988523424e+00
1.261617844323212223e+00
1.359447449239594707e+00
1.438779061973418205e+00
1.476654014669403159e+00
1.481346408674890425e+00
1.485666431099909035e+00
1.495844878076310280e+00
1.547132835552236019e+00
1.562518188685919185e+00
1.648793273427979766e+00
1.661663163541956978e+00
1.680527033909150481e+00
1.683777082419394500e+00
1.685271661217873307e+00
1.697543135923089919e+00
1.707947806177230854e+00
1.754492850839519447e+00
1.836074969849961880e+00
1.851447554426375097e+00
1.886564895499722949e+00
2.011439610818932078e+00
2.198518065632363516e+00
2.241446780525433446e+00
2.269308502153515317e+00
2.296403436805557252e+00
2.298076754940234334e+00
2.358934158778847046e+00
2.376052074546928683e+00
2.420596750053635837e+00
2.454946086644024916e+00
2.530240124248181122e+00
2.549696660052206187e+00
2.573110403323916273e+00
2.639528944926701204e+00
2.654353316837573029e+00
2.724865396119527716e+00
2.728227814090668613e+00
2.738903363570982297e+00
2.769156678477036060e+00
2.792897743580919467e+00
2.806991205415612090e+00
2.814180601031874840e+00
2.857145754257415682e+00
2.889810324893437699e+00
2.933621627612829297e+00
3.002687536457681272e+00
3.080771148448700369e+00
3.107840970446499540e+00
3.111275494969954813e+00
3.201009248077403502e+00
3.220356180207487373e+00
3.269660328120495674e+00
3.272451810584215526e+00
3.279142324231147043e+00
3.285074060211823355e+00
3.297179133196729950e+00
3.400157407989345071e+00
3.454637906691011562e+00
3.476856208972145090e+00
3.548457507029280755e+00
3.552889492301762431e+00
3.589352554387832850e+00
3.595076739687155687e+00
3.687305708321547915e+00
3.750727901417350463e+00
3.811812691799891795e+00
3.815342391235063246e+00
3.833412136596772157e+00
3.876481644052881315e+00
3.908553445003420279e+00
3.926993825428250595e+00
3.937327116676935468e+00
3.952769860138705127e+00
4.085210668280891966e+00
4.112669727307093126e+00
4.205602508155489971e+00
4.225463961242073907e+00
4.237493046793701978e+00
4.279756869595719770e+00
4.282601899582501481e+00
4.333330891447877420e+00
4.341692946656414698e+00
4.380888480244556682e+00
4.380942156884946925e+00
4.413026069432024023e+00
4.489093493646974409e+00
4.494275045659233747e+00
4.509954777753879540e+00
4.589096249149651641e+00
4.610615027011546907e+00
4.650758448996273664e+00
4.662640733149101102e+00
4.662652218836019102e+00
4.664925418236195220e+00
4.669341665841510114e+00
4.745377975134516646e+00
4.811141149701438025e+00
4.831434071591858448e+00
4.853303175463749675e+00
4.883815362438595820e+00
4.916517389523928472e+00
4.990963386241142885e+00
5.020812033635902338e+00
5.020843604552679196e+00
5.082886879309834072e+00
5.147853971734784650e+00
5.209969098459310999e+00
5.212298557241400232e+00
5.219464415219936981e+00
5.243952186594128761e+00
5.351379399066241049e+00
5.356559242291621281e+00
5.427305657833365160e+00
5.488792520033150879e+00
5.534101222756754979e+00
5.542855725307508585e+00
5.548637916154570249e+00
5.563577098839903812e+00
5.589911353591514143e+00
5.603828687842771217e+00
5.606776975390829421e+00
5.610117391909379414e+00
5.625632924925657363e+00
5.649890592023867342e+00
5.660531799666279618e+00
5.698787552294919401e+00
5.783417562269336010e+00
5.825618879441448072e+00
5.861034031674721589e+00
5.904381812308034938e+00
5.955746039162364447e+00
5.961711329048505981e+00
5.963379763018918034e+00
5.979073219310753196e+00
6.035907819944173802e+00
6.037747613242561151e+00
6.066017511624867353e+00
6.104260830985893449e+00
6.142182368846120788e+00
6.165595697297939992e+00
6.232108983991183848e+00
6.235467329372968770e+00
6.253781954035546597e+00
6.299236981279150882e+00
6.302258195281813968e+00
6.304081499661083221e+00
6.326831050276000568e+00
6.329636755751621990e+00
6.355563275383445010e+00
6.364385843132012610e+00
6.378887677275910661e+00
6.379413913063621600e+00
6.385623222209800609e+00
6.438789526153071208e+00
6.446706595656767291e+00
6.483117143217588030e+00
6.518081639190437038e+00
6.548038641588984632e+00
6.558097937138121836e+00
6.567627131628009707e+00
6.594086947516864861e+00
6.601008478418823877e+00
6.681874926089697908e+00
6.699407371758688612e+00
6.718204011800855469e+00
6.737886232695924349e+00
6.744716493903506915e+00
6.833066916213776487e+00
6.856117443229642561e+00
6.888596932509950754e+00
6.961021272611752408e+00
6.997049316081389136e+00
7.006314841847784081e+00
7.068152768394585728e+00
7.119052869518255555e+00
7.134320311801906733e+00
7.140505914507436103e+00
7.216289501279297802e+00
7.245470344999019652e+00
7.334924570343796191e+00
7.368268033488910795e+00
7.392107496933249422e+00
7.442411121670728491e+00
7.482073483226844957e+00
7.505013571463544864e+00
7.534612237518516942e+00
7.538478819058818559e+00
7.560579898213905636e+00
7.617658385074605576e+00
7.726813386803648598e+00
7.730072915627461683e+00
7.751315672703680271e+00
7.759794935620999645e+00
7.777186471190359995e+00
7.831047635815296282e+00
7.845855406936768084e+00
7.890999983199031398e+00
7.935500404132423746e+00
7.990562288308379557e+00
8.063735581073954606e+00
8.099708806816140694e+00
8.128438689203090206e+00
8.136123285771189373e+00
8.142146332762091987e+00
8.143596258746130800e+00
8.160795492158216646e+00
8.216860295027871075e+00
8.259903864741342971e+00
8.300648093996665366e+00
8.392517655311902303e+00
8.424790809294579574e+00
8.478496008152125896e+00
8.487996742484098078e+00
8.501720832079902479e+00
8.555896998238010198e+00
8.582718588956735672e+00
8.593183687098614243e+00
8.604187942087676788e+00
8.683138409195834129e+00
8.696793337646846922e+00
8.772541114743383162e+00
8.787828349783705306e+00
8.817287297562540260e+00
8.894000601441531373e+00
8.904084239277118229e+00
8.914657651705518049e+00
8.967718042453306282e+00
9.091558317673618106e+00
9.096557303910163483e+00
9.107184065318211452e+00
9.108575860523250967e+00
9.109357855631820655e+00
9.275091998056876008e+00
9.294733658094017414e+00
9.311056437806666253e+00
9.375915314544112533e+00
9.414010716638909315e+00
9.461183542227695753e+00
9.494007056615034301e+00
9.589209883455252381e+00
9.700945712221312078e+00
9.719897879023241316e+00
9.753147120067046316e+00
9.764657791291945443e+00
9.769476004991245688e+00
9.783516311366215135e+00
9.796611903429838009e+00
9.827391279460533369e+00
9.863538467189405523e+00
9.895081738759717638e+00
9.905508079573021263e+00
9.906418355662355069e+00
9.909231017618211013e+00
9.913271193420230887e+00
9.993138016123095824e+00
