-1.553979422064978022e-01
-1.319862807062780474e-01
-9.006574161111455257e-02
-2.591998771805495427e-02
-1.605488877609703713e-02
4.245431053654860620e-02
1.069770098304105854e-01
1.258837431041651134e-01
1.484086705687742147e-01
1.769334514894565502e-01
2.023142318605506418e-01
2.381352307094939391e-01
2.501444497872495898e-01
3.209997939203417805e-01
4.450183461144259778e-01
4.856964005077352708e-01
4.864768589418035361e-01
5.336345901738850372e-01
5.396019358919219577e-01
5.511651474898120462e-01
7.266749559450336182e-01
7.444245661259087932e-01
7.532908804649660617e-01
7.843132459980346471e-01
7.860898725894820416e-01
9.392782040418068412e-01
9.461219248424488359e-01
9.659143586231724310e-01
1.044471313403289248e+00
1.050093027426806991e+00
1.069980469658726729e+00
1.081227644308993430e+00
1.100106832335365326e+00
1.119681382868131791e+00
1.123693405472378837e+00
1.136387490618997687e+00
1.175664590866077441e+00
1.311251148777962561e+00
1.340719717327031324e+00
1.379238354356894236e+00
1.394765908853877301e+00
1.398554124649792563e+00
1.432447466113338619e+00
1.474993316865346404e+00
1.494515432768377838e+00
1.577995889132074003e+00
1.583482919709938264e+00
1.598301179876562950e+00
1.633424209170968089e+00
1.657710773368049617e+00
1.679518485302758046e+00
1.687137481368881087e+00
1.687220091435998048e+00
1.722391631004484447e+00
1.780629002627247992e+00
1.798026753515058695e+00
1.822756435941162989e+00
1.867128148767729590e+00
1.891376528433761139e+00
1.935662878832297595e+00
1.946185941028261146e+00
1.952752196771316617e+00
1.958685166424172008e+00
1.960957053082680313e+00
2.042330053972439163e+00
2.079588624477118675e+00
2.100039172100890639e+00
2.114037059970178767e+00
2.139921992723115451e+00
2.155759562114213157e+00
2.160425745668257402e+00
2.175796872415458161e+00
2.183170423723232112e+00
2.186416547728991855e+00
2.197306045317619194e+00
2.218818247627505347e+00
2.227930866919099806e+00
2.244611709434344515e+00
2.255817922315288548e+00
2.267394148183222491e+00
2.296928644786146556e+00
2.359104883503778893e+00
2.403201560479321763e+00
2.411702687178231219e+00
2.421110011524007177e+00
2.509161960696121962e+00
2.517381086125528356e+00
2.590548722476327725e+00
2.835946311491105654e+00
2.844544882429535626e+00
2.846599581018713021e+00
2.856790131809990196e+00
2.892090827244359730e+00
2.899731192385877954e+00
2.987323861772261058e+00
3.027049474497225390e+00
3.049443555578628562e+00
3.066039893577121589e+00
3.071663137568855451e+00
3.079478839353659847e+00
3.098722294201931682e+00
3.208012558331821751e+00
3.217714378753479654e+00
3.255736385408928513e+00
3.267842840558103923e+00
3.288815143032318478e+00
3.317721824400333031e+00
3.386946856585825838e+00
3.388530168274264565e+00
3.401210784765070994e+00
3.488313701914299347e+00
3.546893932762639423e+00
3.555064451490648647e+00
3.577250684948400927e+00
3.583865027164490957e+00
3.616330271101104277e+00
3.638328990633582727e+00
3.669602808606268862e+00
3.700874284372932088e+00
3.791965920545950386e+00
3.806495694566201848e+00
3.823431390377326267e+00
3.837557227459190479e+00
3.889038532726413422e+00
3.889605693734141667e+00
3.908174414026198029e+00
3.916332216876573291e+00
4.017644994880528841e+00
4.034497914850967426e+00
4.066795470601991980e+00
4.156716535255299938e+00
4.157118503004812560e+00
4.167764713390700315e+00
4.170382179019971325e+00
4.173700507079451505e+00
4.174483773582221779e+00
4.326518741465322115e+00
4.327400943618699536e+00
4.360700613324184793e+00
4.388012406156530432e+00
4.425042279353704977e+00
4.428266310225415836e+00
4.435653169377717475e+00
4.508884651346937389e+00
4.520988113957582932e+00
4.527334712314347698e+00
4.535085939650263853e+00
4.570488716856556444e+00
4.604820028473405991e+00
4.621741317468104349e+00
4.628493939078332176e+00
4.689135823626789268e+00
4.727132247374422391e+00
4.739469567913761949e+00
4.795779618670313660e+00
4.830483625466637676e+00
4.876336330299731792e+00
4.880878538780360820e+00
4.888451932780105480e+00
4.907430373103585097e+00
4.928150406900253522e+00
4.959861095383852891e+00
5.046595419393289816e+00
5.046658217959329562e+00
5.081277930147349409e+00
5.082762271152537537e+00
5.161207307647934783e+00
5.165992432046606631e+00
5.295279541650293353e+00
5.360732803141336156e+00
5.407699635658523185e+00
5.456649524510642557e+00
5.594760041808663154e+00
5.681716698813156441e+00
5.700761363548155103e+00
5.733678918738885244e+00
5.738496747632993333e+00
5.782881210112662096e+00
5.804193624251499983e+00
5.807316116311362464e+00
5.817712374720798607e+00
5.854098485598576929e+00
5.905344889952433007e+00
5.982508839768454045e+00
5.993874683239401868e+00
5.996160839752761262e+00
6.056122985883739318e+00
6.071267966785899972e+00
6.088327629260028573e+00
6.135508455822052731e+00
6.165874910810033249e+00
6.195558656067224668e+00
6.218445444349009144e+00
6.309050581786777023e+00
6.333214102645087884e+00
6.390549132681922373e+00
6.394927818525695251e+00
6.413806065462421380e+00
6.552013610263705878e+00
6.574613593224824193e+00
6.602917419259740406e+00
6.634151628630711173e+00
6.638153881062494044e+00
6.655479122432647721e+00
6.657099742331047842e+00
6.678787164090432604e+00
6.685289217037799325e+00
6.716352437291441824e+00
6.733380374353866493e+00
6.789287120763760619e+00
6.886358764828218959e+00
6.887098338134401310e+00
6.932826345595470841e+00
6.942562148179374226e+00
6.944480363686354352e+00
6.958307682850616516e+00
6.984100815229738579e+00
7.002474942879008069e+00
7.006638755987708578e+00
7.146575574899602046e+00
7.170057685387721591e+00
7.175445184282499334e+00
7.182587389840302095e+00
7.182844819823204219e+00
7.189929630318023790e+00
7.214771822436476967e+00
7.242977801334589572e+00
7.245945314438244189e+00
7.376726663015798380e+00
7.435371898606224939e+00
7.437132443303787532e+00
7.468853931962135206e+00
7.493537878167732202e+00
7.521748607968024913e+00
7.570032214603792831e+00
7.663516638018622373e+00
7.726190282323296188e+00
7.744299455781179731e+00
7.753203876606312051e+00
7.798960710822584907e+00
7.875008211160843707e+00
7.949507995747285172e+00
7.972879812604804606e+00
7.985120342395071624e+00
8.012869290943628542e+00
8.028280412791133358e+00
8.135830613242305276e+00
8.161535253006855228e+00
8.245563932287813813e+00
8.277503489952422910e+00
8.331710855568946528e+00
8.349706132826552718e+00
8.378952570733209981e+00
8.420404985139866127e+00
8.488693890668891129e+00
8.502069199994084059e+00
8.643297223983712030e+00
8.688392114061128879e+00
8.704004747061500069e+00
8.705100302854196670e+00
8.724257056166669244e+00
8.779263750217793927e+00
8.819155082537102786e+00
8.853057338778906882e+00
8.864714037242480416e+00
8.873717042924711862e+00
8.923781808954867500e+00
8.945988840675942910e+00
9.013570421195215232e+00
9.075097202608677804e+00
9.098967571070655680e+00
9.106080546043351376e+00
9.122336612232990305e+00
9.135632511891175866e+00
9.288608563541796315e+00
9.298417506760671358e+00
9.308304500292607031e+00
9.321522801007604997e+00
9.335995469805563829e+00
9.362734669961135126e+00
9.485907317530992700e+00
9.490595979213708233e+00
9.520142713247278010e+00
9.528940223891003924e+00
9.529628611270299032e+00
9.684314934180051182e+00
9.687478427108782597e+00
9.722051469589951367e+00
9.728169499235843176e+00
9.737114437263798550e+00
9.746650285436473382e+00
9.755442859694037239e+00
9.767020896602334190e+00
9.785610653433655770e+00
9.792266832060674275e+00
9.808082339044636555e+00
9.837617468047783476e+00
9.883238865917551408e+00
9.896501800609380339e+00
9.911953453010436732e+00
9.949583516329683519e+00
