-1.858629830561827623e-01
-1.652463355224752795e-01
-7.426697878349208803e-03
2.188348304948212197e-03
9.912678164770927225e-03
4.000253137739367970e-02
5.384226971591221655e-02
5.881530221788278112e-02
1.005564495273767456e-01
1.921905645889750436e-01
2.514770673572228610e-01
3.118874745500410106e-01
3.149764403225677190e-01
3.440200230291243222e-01
4.242131277496346553e-01
4.312618476044809968e-01
4.956508385928459215e-01
5.169924090196622579e-01
5.234112748415868932e-01
5.468629466167835851e-01
5.616996492350225800e-01
5.870989215206428025e-01
5.873197023031211383e-01
6.533868969105407487e-01
7.409389564618531487e-01
7.429202302248889556e-01
7.872653512940286369e-01
7.900372290767341266e-01
9.038546217073211153e-01
9.071757855097739576e-01
9.094627135780832816e-01
9.334964103209726360e-01
9.483665149972464459e-01
9.729433230368254026e-01
1.063013122100624042e+00
1.091599595045549709e+00
1.158599357817462039e+00
1.186020273888072962e+00
1.217644873331695354e+00
1.221568205620742198e+00
1.309025859141463632e+00
1.310976543303143060e+00
1.342611951120418645e+00
1.449934544971392070e+00
1.529855880597315254e+00
1.619302832497048872e+00
1.634469978777541632e+00
1.734834006220178360e+00
1.745374458257432870e+00
1.749928311585308593e+00
1.790516046520642890e+00
1.864052687315435941e+00
1.879999495139302423e+00
2.077264951731697007e+00
2.141758174537823578e+00
2.221227049784158414e+00
2.221636104466574224e+00
2.233171600208158303e+00
2.239729469386626537e+00
2.261351222936340388e+00
2.280648322674328821e+00
2.319178453346938173e+00
2.345303953464579205e+00
2.363471546666182643e+00
2.451227480859091035e+00
2.471621562334120448e+00
2.551670308084349692e+00
2.609041708069362642e+00
2.645630567090666130e+00
2.675506830208962850e+00
2.738914445272487175e+00
2.741080322541719294e+00
2.747184332814650354e+00
2.792756993681623889e+00
2.828675070397585589e+00
2.855702245377450321e+00
2.974505642440253617e+00
3.054898939891542042e+00
3.068381293672335808e+00
3.097714315474072944e+00
3.126536806868069451e+00
3.163818860176038417e+00
3.199362012060444016e+00
3.218552469532566018e+00
3.327877330702477376e+00
3.340109907873463957e+00
3.403516874856732599e+00
3.415520049345478704e+00
3.440226848359493328e+00
3.443049579072834820e+00
3.451479756487755068e+00
3.486886948236160855e+00
3.575283568358173181e+00
3.614197763332075652e+00
3.630986543141111689e+00
3.707385525506961432e+00
3.731097127430610172e+00
3.745008403827966514e+00
3.758892372090280709e+00
3.792486911220958046e+00
3.839346808481836959e+00
3.889230866005876308e+00
3.892177111172791193e+00
3.938864370064531606e+00
3.977186969501143921e+00
3.995549501541299620e+00
4.005862280050905611e+00
4.016637396698487628e+00
4.052196141685886488e+00
4.066623824089281136e+00
4.085623624915043273e+00
4.134237503746859055e+00
4.177704564219699712e+00
4.204419985373617941e+00
4.206772653673604090e+00
4.236098529517534850e+00
4.237065095003474724e+00
4.276197069152501307e+00
4.554876370434058686e+00
4.560317993572797768e+00
4.563892066897076383e+00
4.572464829825420907e+00
4.614284895667336350e+00
4.654645146182255999e+00
4.722289485082310279e+00
4.744190194121862270e+00
4.751075976338700713e+00
4.755757575594113717e+00
4.801980686844668611e+00
4.805518534492957627e+00
4.842299240197247556e+00
4.852224167182619396e+00
4.871709934457601143e+00
4.890769900586201757e+00
4.954630037995285896e+00
4.982677746148448605e+00
4.991321257585118687e+00
5.013090215998682986e+00
5.019238739370626590e+00
5.083480920044519458e+00
5.128908019206076752e+00
5.152247808097826898e+00
5.160037620983991324e+00
5.161694172307900175e+00
5.223034557394245603e+00
5.229656346310977533e+00
5.262438257471703018e+00
5.269390317591275519e+00
5.287265632670079540e+00
5.288159043644744983e+00
5.304815001118836193e+00
5.315965935062290981e+00
5.364636933612544567e+00
5.375113529707354232e+00
5.403406121244598737e+00
5.523668465002271155e+00
5.542872780383786946e+00
5.566299232999134539e+00
5.569230812518347840e+00
5.584552948075628187e+00
5.593855565474227021e+00
5.594889387996654584e+00
5.602988315850792489e+00
5.629575541715279741e+00
5.665436651823062775e+00
5.712021704280237699e+00
5.715717409839291108e+00
5.726052681136332367e+00
5.737762661343124293e+00
5.764038117899157321e+00
5.779840962943088911e+00
5.857589730097285674e+00
5.860651853983525505e+00
5.904724290274906195e+00
5.953301920974481298e+00
6.029560364814414264e+00
6.055530109815618012e+00
6.066734832812198164e+00
6.124960559062086141e+00
6.151265735037032556e+00
6.172991906364981851e+00
6.184448452312612865e+00
6.212984492481352206e+00
6.223101377672569434e+00
6.294226541685788767e+00
6.351400270244387691e+00
6.398987482770643886e+00
6.408199825433603891e+00
6.504138655349269271e+00
6.554619947679277914e+00
6.558081874446274995e+00
6.567440469033646977e+00
6.653517921341799202e+00
6.667956343197503521e+00
6.740822284860927383e+00
6.770448760509520270e+00
6.789588654888231822e+00
6.797505788587297815e+00
6.915757928874518790e+00
6.949365858011341324e+00
6.963671331418094468e+00
6.996466489381294451e+00
7.038445846408245110e+00
7.045095898009607005e+00
7.121410484366200500e+00
7.201343667435968321e+00
7.256990958344387010e+00
7.284795029752326734e+00
7.366430952599034576e+00
7.377255876158363535e+00
7.413788262778898464e+00
7.430073779544557055e+00
7.475814338609920284e+00
7.490363827196059532e+00
7.522193751857816579e+00
7.535350737531000931e+00
7.557279457784958687e+00
7.602947736304306758e+00
7.607587342581641821e+00
7.697475258801149245e+00
7.724255721347081938e+00
7.732072389536254420e+00
7.744324678523120120e+00
7.765447939837052616e+00
7.784143667463103711e+00
7.792456534657200784e+00
7.828892160898500485e+00
7.830354271943330779e+00
7.835751004723422675e+00
7.855293428096733699e+00
7.889616336515575590e+00
7.911382637328704170e+00
7.956884519909425357e+00
8.016822581983785057e+00
8.044749028057816886e+00
8.135144305949872034e+00
8.174535030616203457e+00
8.184094041693715127e+00
8.195526774136471460e+00
8.221458535245139032e+00
8.237309510894064601e+00
8.372636369919048249e+00
8.374168031634791731e+00
8.407176129355612204e+00
8.477092963849557350e+00
8.502754408438436329e+00
8.516999856702028637e+00
8.549891898914957267e+00
8.574184981439644915e+00
8.602636185023714077e+00
8.617699908996607761e+00
8.742661396804747298e+00
8.847969082653799333e+00
8.933726383526757076e+00
9.027121908684646812e+00
9.040277930936124307e+00
9.053538569472411979e+00
9.083847690414279086e+00
9.103719526733158318e+00
9.121389771079213560e+00
9.153722383122659068e+00
9.225274324825743832e+00
9.225554603799961839e+00
9.287407352928486404e+00
9.328539405154137043e+00
9.342070798042264812e+00
9.354166101184933524e+00
9.365730081846468380e+00
9.463944176076651615e+00
9.479858278375251857e+00
9.483939442332395942e+00
9.507710182623828388e+00
9.526615990495020725e+00
9.625738951039634728e+00
9.638255374814219678e+00
9.675474090122728299e+00
9.730407820301783417e+00
9.739681752132041126e+00
9.741320416682640371e+00
9.750330876344428077e+00
9.802422480287445339e+00
9.807479433788087064e+00
9.834686355254074641e+00
9.837221259789064476e+00
9.839085411841436368e+00
