-8.292672127474988442e-02
-6.802732218322432578e-02
-6.396237306457439042e-02
-6.350913401973129480e-02
-3.648733661897024527e-03
1.328466309905720899e-02
2.137249433344876048e-02
7.028571902417285466e-02
1.240346641010665052e-01
1.923847538021397630e-01
2.307903234492951761e-01
2.589921810273200231e-01
2.785795817612074510e-01
2.811253478226973801e-01
2.829428724171326182e-01
2.913032881441689481e-01
3.347224104112215826e-01
4.053400034727451806e-01
4.427323677148580772e-01
4.793893427846603328e-01
4.868316014012379900e-01
4.868703758877203636e-01
5.190743935864163827e-01
5.256002977602980408e-01
5.288395529136991069e-01
5.316948845996178896e-01
5.371875049865333374e-01
5.583660878319127718e-01
5.683866950003149121e-01
5.959208927542616330e-01
6.350667804055225574e-01
6.373769537747273617e-01
6.435619472231701721e-01
6.545193883833726467e-01
6.931524750953634850e-01
7.017293671949180744e-01
7.716710107899040771e-01
7.880641754960002743e-01
8.383480953661683888e-01
8.926775325907987391e-01
9.096126864602265272e-01
9.318753432405180170e-01
9.422026648419457029e-01
9.515296824802930153e-01
9.652126372841383084e-01
9.727627767792279556e-01
1.075121724683358204e+00
1.153463785514500239e+00
1.159540302852944293e+00
1.192781333592042303e+00
1.231936162976393634e+00
1.266225647389409348e+00
1.267858584425980428e+00
1.294127915033717269e+00
1.322254657273776113e+00
1.427272948670389452e+00
1.532668680748989987e+00
1.605207298273327643e+00
1.607642845498503670e+00
1.629227769605436915e+00
1.633455838248170755e+00
1.640266797223625339e+00
1.704747438779895763e+00
1.756253829882292727e+00
1.770812882441712865e+00
1.775427348070238942e+00
1.783974750874121495e+00
1.810530756310944289e+00
1.841823076531506009e+00
1.861665125427703904e+00
1.874037119912509874e+00
1.910166006687301410e+00
1.957474755417342172e+00
1.993608989703070877e+00
2.003189228643135422e+00
2.132220055362868738e+00
2.243148443492289257e+00
2.271451672831906521e+00
2.375820468042457279e+00
2.415267453790156171e+00
2.511554456218860309e+00
2.542281787655415126e+00
2.543702397441169438e+00
2.593352484326446827e+00
2.674917171911900482e+00
2.715063652597471844e+00
2.725320765533685297e+00
2.738951722423498492e+00
2.760081702567118267e+00
2.763340002430225706e+00
2.770559918607550465e+00
2.778050925749475208e+00
2.812415357693722751e+00
2.823738426882346886e+00
2.838165265271896054e+00
2.884037398482059533e+00
2.884893450437561846e+00
2.930302775353111233e+00
3.092726833979135392e+00
3.116861564050071198e+00
3.117657757805877505e+00
3.157080953288611713e+00
3.224014885874407099e+00
3.236788848082893022e+00
3.240129887637865025e+00
3.276651433987292528e+00
3.303849101643559383e+00
3.315339706995008573e+00
3.352581551576944818e+00
3.422570600966760690e+00
3.444367888577415826e+00
3.451337137484695727e+00
3.506002519780741622e+00
3.558721792085750568e+00
3.573715242616607224e+00
3.645068563426315134e+00
3.690706412338230269e+00
3.717301957184141248e+00
3.724154909554421078e+00
3.780138413826334531e+00
3.782550576840198353e+00
3.876259225935638320e+00
3.881021647737766145e+00
3.888748281973747112e+00
3.901794252204012103e+00
3.954885930837739316e+00
3.969887927400040262e+00
3.990145333131860816e+00
4.031356665386614857e+00
4.065058170862903886e+00
4.136151530336488413e+00
4.143121096600471454e+00
4.177248682661848456e+00
4.218303192283215708e+00
4.228466944185693244e+00
4.331743932594405599e+00
4.338323048682815042e+00
4.358049441866052476e+00
4.424505921761005212e+00
4.491103432830001019e+00
4.492042135374345158e+00
4.532252718232112620e+00
4.532968798761815243e+00
4.533560064409145163e+00
4.547470769759541120e+00
4.574592064610381925e+00
4.592229523206742492e+00
4.606641908861035972e+00
4.670247078848658084e+00
4.711032249871228927e+00
4.743576853712783148e+00
4.799188893878818085e+00
4.811767112054553763e+00
4.812820282529553850e+00
4.955303172884109486e+00
4.978326170258427830e+00
4.979247458911485680e+00
5.025322546569116255e+00
5.042417119429222438e+00
5.050099317876077798e+00
5.056343623540942467e+00
5.064696355522513294e+00
5.119996059400573785e+00
5.134019673463153133e+00
5.198452761329852123e+00
5.206177053067277072e+00
5.270391392906820904e+00
5.303839748630768014e+00
5.309929026491553294e+00
5.345949453803877205e+00
5.346836042403281475e+00
5.405147804895866770e+00
5.442386716545786207e+00
5.447816515086455702e+00
5.455244079054144990e+00
5.457712592283960440e+00
5.475110519963338085e+00
5.517112764047658047e+00
5.524979036953567402e+00
5.527548054317866111e+00
5.541578429990843269e+00
5.556217899399546134e+00
5.558620752800210951e+00
5.604127028012205081e+00
5.640102187462275651e+00
5.665773367931477900e+00
5.687579570229284620e+00
5.794648257913424416e+00
5.807488234665977522e+00
5.822832303690924860e+00
5.916161008777123698e+00
5.925931266601850211e+00
5.938878743848098551e+00
5.965755253388925539e+00
6.011117866433300705e+00
6.043921426864031332e+00
6.086112661901727172e+00
6.093902828705589414e+00
6.117956740097043600e+00
6.132163247610799672e+00
6.132471954977144257e+00
6.150947205781934990e+00
6.203503362971530599e+00
6.225694133703861155e+00
6.267831119380359972e+00
6.272358269672829501e+00
6.321578681529635979e+00
6.362250046483942434e+00
6.442094451995235005e+00
6.524002718693909131e+00
6.530096749591037586e+00
6.546039146036990886e+00
6.563608570588607805e+00
6.642872715052856591e+00
6.672882421158229604e+00
6.704878023369406748e+00
6.715973150565556438e+00
6.720733782211688379e+00
6.721378663621667471e+00
6.738886429891157270e+00
6.822594909305928823e+00
6.883928837687719238e+00
6.990937848861411119e+00
7.006196861470313841e+00
7.023036435335929362e+00
7.026290289024180957e+00
7.052407302867903738e+00
7.063767941810614737e+00
7.064245596823993445e+00
7.079272130605739122e+00
7.082591694200345067e+00
7.102649294099414590e+00
7.126612105549290810e+00
7.127772566887068173e+00
7.151096940569481752e+00
7.268736698556123699e+00
7.292097003650389375e+00
7.293305486425526674e+00
7.299518410419441494e+00
7.320012417774171887e+00
7.477090362262318379e+00
7.498253180206148727e+00
7.502376806647052199e+00
7.637243654143136773e+00
7.669669853142766947e+00
7.767964633791460294e+00
7.774023881649347878e+00
7.789548845342378236e+00
7.794650194908261831e+00
7.838085297956967956e+00
7.848793942594533668e+00
7.866089132591830513e+00
7.882192362282745002e+00
7.885943742657652855e+00
7.890009330574037527e+00
7.893724013369193493e+00
7.913989486412053687e+00
7.926502125299600188e+00
7.943252146339831121e+00
8.009698769853763167e+00
8.049175142699970920e+00
8.100490930241431187e+00
8.133484298001333102e+00
8.145164611534735144e+00
8.177093562589073272e+00
8.303515219232533440e+00
8.321398866328920008e+00
8.422242778224205750e+00
8.431023065072611899e+00
8.449945008467137697e+00
8.465776031233202659e+00
8.468298227169997361e+00
8.472577057986613980e+00
8.474340127614508944e+00
8.474869200001649006e+00
8.495460949059838285e+00
8.551845833528600949e+00
8.575680380833702543e+00
8.575860976312966955e+00
8.649980493792106984e+00
8.712269382985633470e+00
8.749773607501007078e+00
8.770270742706713918e+00
8.800346011672749214e+00
8.829448568193347668e+00
8.832014775903736847e+00
8.839107310831126441e+00
8.857302279490388841e+00
8.870896245710950367e+00
8.881302525977284645e+00
8.945669892461635797e+00
8.962663126352472531e+00
8.972579675398147714e+00
8.996056261839012080e+00
8.997683247967529496e+00
9.003483719562474619e+00
9.031976042830812901e+00
9.048791213679011847e+00
9.182831263366468377e+00
9.182999900698922247e+00
9.238958444872174880e+00
9.255053110832518470e+00
9.266319967151929404e+00
9.267753963384954830e+00
9.293953732620826358e+00
9.393723119251948361e+00
9.394113987490186446e+00
9.470048766893986780e+00
9.485684263286922047e+00
9.532871878063021498e+00
9.550660487958936073e+00
9.604526175652548403e+00
9.633690815285390840e+00
9.708632417789706537e+00
9.721746600166616403e+00
9.779328543708372123e+00
9.790615067670341176e+00
9.815275411109492865e+00
9.861254079279879292e+00
9.869553954231323090e+00
9.899762349487474467e+00
9.904184247167567179e+00
9.944148816065943919e+00
9.945575086195020731e+00
