-1.592240797481886405e-01
-9.055054833668253755e-02
-6.903031791347419288e-02
1.998805989994645316e-02
3.078913057215215687e-02
7.153358040611262902e-02
7.305988323719103672e-02
8.965512281254711668e-02
1.655239212318798669e-01
2.774283007584713578e-01
2.908168971485008414e-01
3.079963030806485702e-01
3.519646999305222068e-01
4.540118557666273369e-01
4.755765370177599816e-01
4.777566139556655433e-01
6.007271542203975745e-01
6.135780885199964008e-01
7.045514557392364985e-01
7.561564641133122766e-01
7.912604965353584596e-01
8.064138359330232930e-01
8.094447289075725749e-01
8.686656810641610882e-01
8.839080868466997476e-01
9.362237664873143128e-01
9.558960517392334211e-01
1.002959980675993901e+00
1.009857549668083054e+00
1.020711494527243524e+00
1.051702880163625009e+00
1.068900545747172526e+00
1.086059715290408789e+00
1.113741457453534922e+00
1.159240607017165692e+00
1.288001370531266732e+00
1.318003081115375785e+00
1.355920885121974173e+00
1.394531135428125124e+00
1.424756850645936934e+00
1.479612123668029966e+00
1.497769604887974060e+00
1.504592406407922578e+00
1.520085108233798721e+00
1.532692074220365575e+00
1.542723440426261083e+00
1.656719491759168772e+00
1.784198948327997414e+00
1.790967994018812126e+00
1.824032590820896305e+00
1.840311185032039942e+00
1.864502460796831018e+00
1.909426633044617683e+00
1.930828933069905995e+00
1.949632033736916403e+00
1.955492694864020331e+00
1.971635387321138078e+00
2.046211156554631039e+00
2.087966713682315678e+00
2.152027295848807587e+00
2.184730449220733561e+00
2.252199484112557215e+00
2.395469624285050614e+00
2.400358223161859872e+00
2.405501451735402085e+00
2.476074368763599320e+00
2.485439441173860953e+00
2.502396801117528380e+00
2.576325579795441634e+00
2.601470300027362459e+00
2.676522190298782800e+00
2.695791899866462504e+00
2.696857068706100868e+00
2.732118413737161688e+00
2.751601206099560493e+00
2.810674534346939701e+00
2.821130322488674569e+00
2.839844060523390556e+00
2.894121967447329080e+00
2.905765924416324530e+00
2.935124377667203799e+00
2.946214062494491248e+00
2.967490836846706781e+00
2.999395977509973665e+00
3.040568340267661984e+00
3.050253130677869073e+00
3.072466208889251149e+00
3.122560328622993708e+00
3.254354020408452008e+00
3.293789876832224461e+00
3.461093764101091708e+00
3.476698548830414293e+00
3.505739991275435674e+00
3.524061278622300453e+00
3.526573260341266725e+00
3.557738561868841742e+00
3.567471610546197436e+00
3.613060472793495403e+00
3.625665477415670690e+00
3.634490022572198775e+00
3.676294879343098732e+00
3.693797443193684860e+00
3.733289911332528188e+00
3.742729996917905311e+00
3.745066530590030585e+00
3.756546593439587411e+00
3.886793543209225987e+00
3.943034119135665705e+00
3.945100748697733195e+00
3.962016796179563372e+00
4.000958100084527125e+00
4.032236280583912702e+00
4.054312594765627331e+00
4.077927104397304880e+00
4.117347148607315432e+00
4.119755679780384483e+00
4.141365596608213906e+00
4.148616798126059990e+00
4.209476922704143753e+00
4.223579090338626330e+00
4.249424877339565754e+00
4.293264035089412012e+00
4.364873680064240702e+00
4.412375279981183951e+00
4.435436144598396524e+00
4.451225426975803146e+00
4.452536945378395394e+00
4.502123708872254326e+00
4.655302853450686840e+00
4.712913702732126175e+00
4.755977110489470583e+00
4.764909695929682165e+00
4.797364135182175637e+00
4.798796140798178733e+00
4.811857511356882888e+00
4.812652530872138179e+00
4.831054487530741959e+00
4.839148095536152105e+00
4.876580916230275342e+00
4.879426285135672892e+00
4.881935811392764890e+00
4.916695985812803649e+00
5.048971230923085862e+00
5.056263546579872425e+00
5.064125570515069619e+00
5.092633319024652216e+00
5.099945950993379995e+00
5.117333813306315093e+00
5.125379652176510703e+00
5.145451047214513629e+00
5.206415144966292985e+00
5.269087924787046795e+00
5.288149142798601154e+00
5.312437275731793029e+00
5.336512101869980818e+00
5.366252390742731748e+00
5.376250034301087055e+00
5.378971068213062701e+00
5.381875827937377288e+00
5.438772248543108923e+00
5.453418857033934586e+00
5.466614363068609705e+00
5.477569455188546321e+00
5.507010094654983590e+00
5.520375664508928359e+00
5.521716083307673273e+00
5.541430241758701136e+00
5.597820018589523272e+00
5.615375896465194749e+00
5.661605453006946398e+00
5.763302284032200795e+00
5.768357067788672410e+00
5.803465727358563697e+00
5.807394222193936528e+00
5.842262686898190616e+00
5.852639098410699070e+00
5.881565236275459796e+00
5.935774442500346026e+00
5.962607272590489949e+00
6.022675262983440803e+00
6.030490307388885363e+00
6.067026979256517905e+00
6.114922708484157532e+00
6.219566064953424345e+00
6.312355089248095297e+00
6.316878488056715035e+00
6.319534146551248455e+00
6.376630906100388962e+00
6.378059883798612439e+00
6.381409498587948370e+00
6.415147474546092354e+00
6.433638053281139690e+00
6.450625500155339864e+00
6.559043439419371069e+00
6.602836891498782279e+00
6.604757410647254190e+00
6.647669676985690224e+00
6.661262287859532449e+00
6.688052628870669203e+00
6.697378535088962082e+00
6.735118863249570431e+00
6.813420137259524445e+00
6.911287920301687926e+00
6.914055186638036865e+00
6.918500464861015331e+00
6.988193402021946277e+00
7.044560501084800919e+00
7.106162813295179070e+00
7.183374556836952252e+00
7.231125500462273870e+00
7.231681123971261727e+00
7.267180474079074415e+00
7.268386628161000118e+00
7.304437423207092550e+00
7.306009667275950470e+00
7.306536993703597993e+00
7.318490911973825064e+00
7.358911851651512848e+00
7.461191179376609917e+00
7.492591430533668273e+00
7.597280419643321459e+00
7.613731784713422712e+00
7.646546416449854888e+00
7.660398510182803378e+00
7.684262568287537398e+00
7.717691164470098286e+00
7.742976785264916728e+00
7.807517825542139356e+00
7.811690707316313542e+00
7.867515787345582545e+00
7.993866019339054496e+00
7.995013611391386554e+00
7.997092395413065269e+00
8.015574785858808227e+00
8.019620651477785245e+00
8.099155353371985555e+00
8.125461209573629162e+00
8.160661285705945289e+00
8.161022296154817113e+00
8.168994369845059111e+00
8.239586308580289398e+00
8.257338845278237471e+00
8.271415167084626319e+00
8.348148352655265114e+00
8.400972806180723396e+00
8.487752815872049439e+00
8.544375824772508565e+00
8.546543274117027522e+00
8.559871413254052541e+00
8.600484822209923053e+00
8.620420007299362197e+00
8.648667419949129354e+00
8.672934743873289776e+00
8.730255947702968200e+00
8.739855685614193348e+00
8.769212456317744042e+00
8.825812163652171805e+00
8.830028256871816694e+00
8.901934964077893753e+00
8.913770357764631669e+00
8.917160607848229503e+00
8.941300321528864004e+00
8.958729448915349280e+00
8.969923502923853320e+00
9.050141255723881173e+00
9.066505739356930604e+00
9.159114849356056354e+00
9.184043248632647760e+00
9.189592564485861814e+00
9.201460810111397493e+00
9.289275646257776131e+00
9.309924884772382114e+00
9.335548684424894716e+00
9.350085655050088818e+00
9.350645799541544179e+00
9.391544728208828019e+00
9.472864843666974011e+00
9.503518435433328193e+00
9.563206704826360038e+00
9.569967318807371726e+00
9.628248240450696827e+00
9.676453583357934818e+00
9.702046767879107136e+00
9.732923390770887195e+00
9.747776171230535525e+00
9.770891642178417769e+00
9.797619567934306772e+00
9.849038815904211930e+00
9.864269950779009477e+00
