-1.592276108166610082e-01
-4.096095765436202907e-02
2.309002406903962190e-02
6.639172744802002146e-02
1.390643677380013488e-01
1.916394357749761634e-01
2.020516563864681592e-01
2.053000894819220212e-01
2.192666273477461569e-01
2.245225947196690108e-01
2.327951292135777006e-01
2.635135111967232269e-01
3.024690315863896584e-01
3.234437960100125520e-01
4.329342628033867046e-01
4.506886056598815027e-01
5.144860754179045870e-01
6.282858097667964881e-01
6.463862145331202846e-01
6.531807790826995586e-01
6.693994320346865479e-01
7.220786094208260231e-01
7.415129305652006231e-01
7.463822051301427507e-01
7.780593912188809025e-01
7.842411033982015223e-01
8.312419487388631456e-01
9.010225006051661989e-01
9.197705837128720141e-01
9.571310282605396402e-01
9.722674553252039775e-01
9.818612377520330448e-01
1.023980850000174803e+00
1.045893111018623589e+00
1.068426102357550533e+00
1.091118344248112715e+00
1.116270054429833181e+00
1.122869250208318626e+00
1.222010059993930531e+00
1.285576849281350853e+00
1.339963143074813789e+00
1.342841302146190685e+00
1.377227819783441998e+00
1.380658422283247866e+00
1.426352053402225373e+00
1.439957228279607371e+00
1.443612789641685268e+00
1.463016925838375393e+00
1.535324999109803690e+00
1.535943755920889497e+00
1.553560646412452728e+00
1.599806151164086643e+00
1.617852491680730642e+00
1.631751522292625545e+00
1.640259857665023357e+00
1.661764843084395871e+00
1.694258157305949197e+00
1.719664224206680414e+00
1.765438939664485174e+00
1.802436265279958372e+00
1.820979233485790827e+00
1.842381533949716710e+00
1.854128589934887605e+00
1.929543378632126549e+00
1.965976198361004235e+00
2.000972985233262946e+00
2.040184300632760905e+00
2.048242040338752012e+00
2.180831829575240022e+00
2.244444540496142615e+00
2.245266972009450246e+00
2.345921037294584899e+00
2.349165250264699356e+00
2.350346679504973668e+00
2.351466058345081045e+00
2.374793524850622450e+00
2.407580799123906434e+00
2.412702890633756869e+00
2.457024912892965762e+00
2.462818090319087272e+00
2.468760410168028496e+00
2.476443951374606822e+00
2.551399460553391840e+00
2.588682990197454181e+00
2.650275349134603609e+00
2.655461290719884015e+00
2.677429920181618961e+00
2.729213983400367027e+00
2.760962256430032458e+00
2.775708499510243232e+00
2.816287752155111512e+00
2.850402495436984207e+00
2.865036001016307399e+00
2.921695099065023893e+00
2.987454505952902739e+00
3.007506201191690653e+00
3.080569871362456524e+00
3.098135454122058263e+00
3.135230722453466345e+00
3.172842779975326266e+00
3.194582960853709519e+00
3.208253949301696384e+00
3.259809196930130160e+00
3.327348477195716470e+00
3.345850014511175363e+00
3.400630038067293359e+00
3.405259969342187443e+00
3.419024926684904653e+00
3.448717820774808374e+00
3.484204266404301809e+00
3.572379199219190227e+00
3.616318814510564028e+00
3.789078951527191208e+00
3.833983403432119630e+00
3.841380491888963356e+00
3.871513749172496688e+00
3.884108576878253061e+00
3.937910821160747865e+00
3.959854182432798630e+00
3.992603350598484369e+00
4.005593539303034412e+00
4.039642178980955123e+00
4.051255645134298256e+00
4.089976519785949449e+00
4.095049249771262723e+00
4.118895024028321750e+00
4.137023302526995572e+00
4.152923955404674849e+00
4.166280432829210234e+00
4.181755949318371357e+00
4.195274376281663109e+00
4.269893963646404167e+00
4.309432823142667068e+00
4.318759037456683991e+00
4.372686239917875639e+00
4.414729969666547404e+00
4.420739630575149626e+00
4.429612204609451709e+00
4.430321866853458523e+00
4.431351556686664139e+00
4.554380342026153272e+00
4.594433679754138744e+00
4.624663708751262980e+00
4.672102861455705636e+00
4.765347292788174371e+00
4.799341950628977393e+00
4.831656112360009914e+00
4.831919973729223550e+00
4.876451818808154037e+00
4.900823408950969018e+00
4.949371708370693845e+00
4.979992047879589379e+00
5.033779704425403345e+00
5.075408135780509866e+00
5.085498232553429254e+00
5.106807684904254074e+00
5.135429502146928726e+00
5.161677322079377461e+00
5.225940674521148743e+00
5.227668803223127547e+00
5.233920201039736320e+00
5.281921849254155532e+00
5.284381227014733895e+00
5.341539420409170624e+00
5.357633115825168879e+00
5.416339716403358651e+00
5.429375840469724324e+00
5.477557649631690673e+00
5.505359358560987459e+00
5.526171584058674036e+00
5.533729881972587528e+00
5.545992064894974760e+00
5.552372586361202345e+00
5.571181437428878169e+00
5.576924233210237780e+00
5.593322275913582331e+00
5.597207004921186169e+00
5.604633365917639942e+00
5.645830612152498595e+00
5.711811607194253959e+00
5.715559299280106309e+00
5.721729010711778862e+00
5.736841614545983070e+00
5.811457421568703374e+00
5.828770266783972254e+00
5.844745891250203051e+00
5.858531534658910189e+00
5.864664525279597918e+00
5.894430158943961828e+00
5.907898980897230423e+00
5.951658277849226408e+00
5.968054650336533484e+00
6.089187444426139351e+00
6.097048378829331483e+00
6.135841121026616385e+00
6.140224848664701085e+00
6.154640107654449466e+00
6.217175803864526173e+00
6.242131373962111596e+00
6.276434362127592870e+00
6.277526563962502415e+00
6.336465332452418942e+00
6.394839422338082890e+00
6.435223780284433204e+00
6.484505189267929737e+00
6.520554681955103682e+00
6.528955022401221164e+00
6.606791966924380866e+00
6.610382871666241833e+00
6.614800509079350022e+00
6.664184826839775866e+00
6.674454879249422490e+00
6.679101907510390568e+00
6.686891285317003941e+00
6.758485789359397700e+00
6.774400489445568496e+00
6.791620869718413722e+00
6.879199697073488551e+00
6.897512802959482769e+00
6.901691085310737606e+00
6.910590623089912121e+00
6.911311910859387453e+00
6.923295803702830931e+00
6.959401622805926557e+00
6.961398679174057413e+00
6.976896483963185069e+00
6.981740888927256528e+00
6.996929706424434237e+00
7.024510902998903461e+00
7.036117526317688942e+00
7.043426041591149378e+00
7.068749264317598424e+00
7.136209194755218199e+00
7.170182677365090740e+00
7.173048913087140654e+00
7.266870516202339481e+00
7.309611849699431119e+00
7.432957180793130725e+00
7.446094930177588722e+00
7.465333413044590749e+00
7.519007070105145907e+00
7.527896984231330357e+00
7.532090012382156807e+00
7.536268335807911889e+00
7.593868840580387136e+00
7.652308996987978951e+00
7.688420370555762773e+00
7.733842256100504464e+00
7.737717124297069482e+00
7.743876978897238139e+00
7.772476803167877257e+00
7.783170050774136151e+00
7.786670883413735034e+00
7.787619004460217376e+00
7.792781781230470273e+00
7.923654994869266055e+00
7.941578271112848419e+00
7.989186466701126754e+00
8.012435867080556662e+00
8.151516890287236805e+00
8.218991967686166689e+00
8.296402512770978177e+00
8.304607002603615840e+00
8.372565288629363778e+00
8.538488263975672510e+00
8.605521957069186101e+00
8.696610640363099165e+00
8.708613781647379426e+00
8.713058298347945652e+00
8.723003156267948199e+00
8.730700437777842993e+00
8.751612438701807051e+00
8.770608305231682778e+00
8.894165243555001155e+00
8.948740670487369542e+00
8.979832271081150452e+00
9.007869815761099019e+00
9.074356696151930635e+00
9.103939884169921726e+00
9.107157177512949175e+00
9.293611009590833305e+00
9.306685481004965510e+00
9.369744767383712869e+00
9.383480455707337242e+00
9.435454586962020329e+00
9.496669270445664779e+00
9.526439325977966277e+00
9.549899645422133432e+00
9.622936730838507202e+00
9.631779176241035856e+00
9.642089852487428558e+00
9.696155036665826898e+00
9.728748188767658789e+00
9.762031916600072634e+00
9.770051326996828323e+00
9.793374372357067870e+00
9.823593775202436262e+00
9.829848357437981576e+00
9.883832833002136553e+00
9.908323956440472813e+00
9.908915944522723507e+00
9.913020167815011163e+00
9.962721471904790960e+00
