-1.927423425211226282e-01
-1.798364359481847696e-01
-1.472614932734509774e-01
-7.617405247400649282e-03
-7.077295512383618981e-03
-2.362337270852721272e-03
2.726111809648268380e-03
8.104722076085463245e-02
1.120375925067170209e-01
1.132690412279766523e-01
1.347259601256646788e-01
1.847392118103410308e-01
2.579991410667563656e-01
2.774110672853180026e-01
2.952318500313208527e-01
3.158691262845811365e-01
3.575941069854836063e-01
3.700435036442331627e-01
4.428617470544624068e-01
5.372214957235779131e-01
5.562591266079717212e-01
5.836549075793935337e-01
5.956582090381263850e-01
6.590184471395017507e-01
6.892400946987029542e-01
7.427014978999690875e-01
7.622705942993324157e-01
7.977556768697791068e-01
8.370152631474079286e-01
8.431089011543271283e-01
9.011117893984843530e-01
9.075293201465450821e-01
9.178285215922370455e-01
9.460818920627156459e-01
9.520269090059638728e-01
9.813357803365885257e-01
1.037760984756144200e+00
1.057140891659384963e+00
1.059670685118325517e+00
1.060048824113709598e+00
1.064666582444724119e+00
1.064870685298079156e+00
1.090102233426401668e+00
1.129355348104492895e+00
1.144096178682662668e+00
1.170079704569587875e+00
1.270817453141332098e+00
1.346903505213314922e+00
1.393320473664313441e+00
1.398668706021114261e+00
1.400029498395655159e+00
1.400894622129123412e+00
1.402679409350044315e+00
1.417233551861036167e+00
1.430679300544171140e+00
1.447000216417200003e+00
1.500504564453874812e+00
1.502546819963068048e+00
1.561151861949428676e+00
1.569252300678594558e+00
1.574854395518751282e+00
1.620093625203253618e+00
1.637656883537065067e+00
1.643539739603926630e+00
1.657474135871436882e+00
1.780468080565100752e+00
1.811785688595369814e+00
1.884886283994530620e+00
2.050991046080814062e+00
2.052479048806471251e+00
2.069086402249038503e+00
2.095604516138119155e+00
2.140044745587106778e+00
2.190124381545700327e+00
2.225775770463263470e+00
2.234608404609021992e+00
2.236975540121326933e+00
2.249106624945608868e+00
2.257911314961144722e+00
2.289017084976358252e+00
2.305383023114274010e+00
2.399993594300712907e+00
2.415052545996535294e+00
2.540201603901525829e+00
2.582314003800320723e+00
2.741296079810572994e+00
2.742280745328899538e+00
2.784729519914774798e+00
2.787429762263672561e+00
2.815845197518811016e+00
2.838396192183127553e+00
2.855630860294224860e+00
2.863965893879181657e+00
2.895350268382415049e+00
2.960642320014058360e+00
2.964336852615990558e+00
2.968562352849944297e+00
3.124236100006274164e+00
3.151255943962845585e+00
3.343496171455364152e+00
3.356191249639899787e+00
3.386019394940047444e+00
3.389933216452877485e+00
3.391491968732943008e+00
3.522812299056008012e+00
3.537957937736122549e+00
3.558937684662801360e+00
3.579912656639739232e+00
3.633571564523823128e+00
3.717850420690613777e+00
3.717888964332384916e+00
3.723495603520875274e+00
3.803959965632256690e+00
3.834888368299348649e+00
3.849951356429015981e+00
3.876898868706776469e+00
3.896042615454258673e+00
3.937102347501147293e+00
3.948914505119118346e+00
4.008355282153098109e+00
4.070858909728424457e+00
4.076896638421489527e+00
4.133842973223981865e+00
4.149917286443974618e+00
4.214099644675276757e+00
4.224034472279277530e+00
4.255534090798676949e+00
4.335897865872456514e+00
4.339332946907768829e+00
4.376993592488711116e+00
4.388040001554045944e+00
4.395385076742987174e+00
4.470641554731002998e+00
4.524000547902021552e+00
4.534180388564021058e+00
4.567577657821165538e+00
4.628289986263618871e+00
4.650451347469136465e+00
4.651082797802692959e+00
4.818721825303144080e+00
4.859405640550093608e+00
4.874981523088496083e+00
4.879267616442931832e+00
4.911205630643981301e+00
4.929690435390344128e+00
4.997692870894487882e+00
5.028954670161812857e+00
5.035733477745473863e+00
5.107262596492391005e+00
5.148219371640138320e+00
5.204235487202895527e+00
5.206987285538201782e+00
5.211654393869852520e+00
5.216295414713504108e+00
5.245645550107964183e+00
5.274752015360175683e+00
5.285797838228593726e+00
5.307201815092815522e+00
5.311620812169944195e+00
5.346186718080107703e+00
5.407552582499886462e+00
5.468992458234689380e+00
5.473285012295403540e+00
5.488645516846655248e+00
5.498409635377745630e+00
5.508672459952832057e+00
5.515855388675475091e+00
5.669595650487330829e+00
5.702658923081979303e+00
5.707585959895962624e+00
5.727755711734237032e+00
5.739462708119679846e+00
5.767157188240048526e+00
5.851218418482333483e+00
5.893800156577068350e+00
5.900673563194084537e+00
5.915390383871629076e+00
5.945328931352997337e+00
5.965276560631154190e+00
6.030383216676676206e+00
6.049334483977273358e+00
6.109929553314484174e+00
6.155743920727831942e+00
6.192020409072012121e+00
6.217744235215544535e+00
6.227348913708063982e+00
6.351072505773509569e+00
6.351688127520715099e+00
6.373157933080863202e+00
6.393481392859891699e+00
6.422395598624746071e+00
6.514171290486409305e+00
6.539735711458718015e+00
6.643699569899296442e+00
6.654798425378221971e+00
6.656303176191879167e+00
6.725393042207790550e+00
6.758990456830891169e+00
6.772360028701021051e+00
6.792510714654260262e+00
6.802383740081827668e+00
6.821685399438200292e+00
6.917867820899823883e+00
6.926134769902373201e+00
6.948970418838866792e+00
7.055027116791301012e+00
7.147934422578097191e+00
7.201716233629621655e+00
7.247464943240163215e+00
7.251728142603723448e+00
7.287493618486823088e+00
7.320518968392393688e+00
7.343474352023313223e+00
7.429456802622222966e+00
7.443416672617244600e+00
7.457296326767449912e+00
7.489317562992331645e+00
7.498564062607123049e+00
7.508021229266852004e+00
7.519159990079050004e+00
7.557690546881943305e+00
7.623078230044170844e+00
7.641196526971307357e+00
7.658154118273397870e+00
7.675472148280581663e+00
7.679145591641326263e+00
7.757529217001907895e+00
7.760675087503126512e+00
7.765963614842416263e+00
7.790483271659250697e+00
7.797665659423757667e+00
7.808913015720661654e+00
7.888143094796796539e+00
7.894326474728166509e+00
7.936372269824599535e+00
7.939647036489792420e+00
7.988176512024014464e+00
8.005130626795317283e+00
8.066138999617447070e+00
8.179994189126835735e+00
8.235668835963739554e+00
8.271326419269078301e+00
8.283482282430068011e+00
8.372646041168101405e+00
8.396745550563998961e+00
8.409139753712777221e+00
8.432740423510725947e+00
8.487481604767912913e+00
8.616461354004625761e+00
8.670573212451285983e+00
8.715055439563837325e+00
8.723701163627113786e+00
8.754566312872706035e+00
8.756080542107818943e+00
8.778396149850335561e+00
8.786226258859839433e+00
8.804615281028429052e+00
8.821310007985122326e+00
8.823139870499744575e+00
8.845782955261864089e+00
8.846129286339046160e+00
8.897277708553660958e+00
8.903979859136548214e+00
8.928548441796159807e+00
8.943264006207066075e+00
9.018097575671269794e+00
9.027602644282728406e+00
9.035490167639904868e+00
9.043867197725292684e+00
9.136379815755539369e+00
9.169530736261345183e+00
9.173520292585799041e+00
9.176566190000587042e+00
9.180051789415337282e+00
9.203531982526202526e+00
9.242730859367751961e+00
9.252115345623147746e+00
9.271544947249934054e+00
9.308419941780163853e+00
9.332065037964779819e+00
9.354128324448195642e+00
9.388252810949010652e+00
9.418914588575161062e+00
9.501753623498446544e+00
9.513903610334685013e+00
9.520079301414780204e+00
9.543471230714745346e+00
9.676077221741094192e+00
9.748657214978084795e+00
9.799478356089725395e+00
9.806195844779464821e+00
9.848635881642930912e+00
9.860835972698497542e+00
9.894251203492968827e+00
9.963063874418336852e+00
9.986301107969683954e+00
