-1.156373911950467903e-01
-6.991350655423281268e-02
-6.947550894364187823e-02
-4.796059593744178562e-02
-3.941796995149310368e-02
-7.776620211680185246e-03
1.990390176648490494e-02
8.696572874690317034e-02
8.843243903453046340e-02
1.135845924865201417e-01
1.762181543358882774e-01
1.897316400573795248e-01
1.910485259592766272e-01
2.191957865916751569e-01
2.674898965996975742e-01
2.834181553311041490e-01
2.963430072146119310e-01
3.267881149242258254e-01
3.632925369074467281e-01
3.898430368816435121e-01
4.366313339264739635e-01
4.606368568308664702e-01
5.063405386489241433e-01
5.210992548005564107e-01
5.731106995817873972e-01
6.011308439524989389e-01
7.441787303934690456e-01
7.664937001171243658e-01
7.804455376601282524e-01
7.883669348463824278e-01
8.151468362132492373e-01
8.288886829842105897e-01
8.809087147866472289e-01
9.131815417186905925e-01
1.052732372882912992e+00
1.095512202413528868e+00
1.117758956597270981e+00
1.126678631496842664e+00
1.210912939967242474e+00
1.220010474226580710e+00
1.239653440403535534e+00
1.250602945224838169e+00
1.307595914237809964e+00
1.319404065791152769e+00
1.503332335643092543e+00
1.522654609182994445e+00
1.541570895374137162e+00
1.590562657548861614e+00
1.593101220163961829e+00
1.604013649112291384e+00
1.707465375546993958e+00
1.711555428993136507e+00
1.797119600882882917e+00
1.817381379991142909e+00
1.843489466029937907e+00
1.875249430346074275e+00
1.898195524493579756e+00
1.934282342487575912e+00
1.947974876682239342e+00
1.979562901231045169e+00
2.189371036271399174e+00
2.222097012630319668e+00
2.235579642742104856e+00
2.258686110425047744e+00
2.267498865488084991e+00
2.323136733112651786e+00
2.337049956365072845e+00
2.359416811692001126e+00
2.360992319047019894e+00
2.370972370052478961e+00
2.409786126201079792e+00
2.469223981025409742e+00
2.531577728817836714e+00
2.551184672827468525e+00
2.553561993975806743e+00
2.688342516525683124e+00
2.747242329983892173e+00
2.772322566017110024e+00
2.788765041399217548e+00
2.841550153594177619e+00
2.862960571726222980e+00
2.886230194551300254e+00
2.899231740321623008e+00
2.921659689108571101e+00
2.959111625452448990e+00
2.966547612703072545e+00
2.977474470996067435e+00
3.014921183598970433e+00
3.037882640500695786e+00
3.063183754952227833e+00
3.069505977464140223e+00
3.170954465431970792e+00
3.191521198056847197e+00
3.233140620670735821e+00
3.289728080778179464e+00
3.295935637795706086e+00
3.425650220792307632e+00
3.435591238391007884e+00
3.458579096503284322e+00
3.462791022658506801e+00
3.487389133776564343e+00
3.512563732320587384e+00
3.546762633589719549e+00
3.573491715977729299e+00
3.628842428902691708e+00
3.651761973356629554e+00
3.654142554769016282e+00
3.655722101366079002e+00
3.749907844707663251e+00
3.799230983181412835e+00
3.836838259999451495e+00
3.866384648196407703e+00
3.874759335118159953e+00
3.878952410013040364e+00
4.042063490635444012e+00
4.044507480424537782e+00
4.076366262956656605e+00
4.097760883875173121e+00
4.114902554701382442e+00
4.137465878466372260e+00
4.210653035761054319e+00
4.213901001173617544e+00
4.238246897473128882e+00
4.243729083848889694e+00
4.266424552633002243e+00
4.290038859782115743e+00
4.343547906791142665e+00
4.344310960789734111e+00
4.416952378591977535e+00
4.471535103801065780e+00
4.482745160386007122e+00
4.500095312581669837e+00
4.513454758261441491e+00
4.543208843197834135e+00
4.628371685519302225e+00
4.646355694153200488e+00
4.683701341564407983e+00
4.713321503291578729e+00
4.730680866900819126e+00
4.738581134900471170e+00
4.825451341821243467e+00
4.834762479526867551e+00
4.839934834509656447e+00
4.841292424733598665e+00
4.879916419480016643e+00
4.889037461879202517e+00
4.890256633093560623e+00
4.924855732359158189e+00
4.952210324903089322e+00
5.042841063722649508e+00
5.050847249591339683e+00
5.066667883483709112e+00
5.190387415364497770e+00
5.199886804338426316e+00
5.265864569562108244e+00
5.316607017097578769e+00
5.326975763172829836e+00
5.429419279967149237e+00
5.440113312924572675e+00
5.476218567850926533e+00
5.482919548537528165e+00
5.485659055232280146e+00
5.504131064304925047e+00
5.507991741153843712e+00
5.523868888262454035e+00
5.527063624090918559e+00
5.563718181326455792e+00
5.565981615331027754e+00
5.596489770911937889e+00
5.658004635287384509e+00
5.677892252757230196e+00
5.695481164440534982e+00
5.696879708111577401e+00
5.722268522467762963e+00
5.738315621030238844e+00
5.755584195441274531e+00
5.820941390242916569e+00
5.846657140383149098e+00
5.927573095275048942e+00
5.927990059660114497e+00
5.977450920349187236e+00
5.983628885574791667e+00
5.986107227248334439e+00
6.030328885488159152e+00
6.050058635840378507e+00
6.056001102131865821e+00
6.070117877574782383e+00
6.132941540963994242e+00
6.140539628759356994e+00
6.144077765627971921e+00
6.160058504799665435e+00
6.167825203714861537e+00
6.181888109088109928e+00
6.198381010863423413e+00
6.223525660488589573e+00
6.320618442494173372e+00
6.368729592014728880e+00
6.389658430346485396e+00
6.400878210409812752e+00
6.441781371530384881e+00
6.444855689563287804e+00
6.489456263442561657e+00
6.539354769614158513e+00
6.608449761635623254e+00
6.631833267627462725e+00
6.782986178147614176e+00
6.828014845854186277e+00
6.846953123184864154e+00
6.899806330309674607e+00
6.909659517048826416e+00
6.911471443576887808e+00
6.919104187627517000e+00
6.925101327615450053e+00
6.931877397259403217e+00
7.033760321747402067e+00
7.064043037005942161e+00
7.122509231861051227e+00
7.123451404382624474e+00
7.128116161365457337e+00
7.147140191849871371e+00
7.213656728595910117e+00
7.219847862047471310e+00
7.281731810632259716e+00
7.288996156410346927e+00
7.380480674157793075e+00
7.459242861317485485e+00
7.479588943122782219e+00
7.577297651026236203e+00
7.658397931515733781e+00
7.665130000625882900e+00
7.708271492385601498e+00
7.839847275626193657e+00
7.863377294560407016e+00
7.960351186976518001e+00
7.982281660844349425e+00
8.041126049974451462e+00
8.041971428444490755e+00
8.064160612357415658e+00
8.106683901841430284e+00
8.136957086040338183e+00
8.143946454125503109e+00
8.170340108495768305e+00
8.233981565282109116e+00
8.258846162963497051e+00
8.368009873862405357e+00
8.425661836507224223e+00
8.449824773372805353e+00
8.461687127910254347e+00
8.462733310158990108e+00
8.507553681280432656e+00
8.547052617033347843e+00
8.621360303890636345e+00
8.640881713983603163e+00
8.663336022206452824e+00
8.689976088021506229e+00
8.714762838765196307e+00
8.757185842737859716e+00
8.771458666482702782e+00
8.799457495016769215e+00
8.811909824831536397e+00
8.814994333854654585e+00
8.850151085610766799e+00
8.858913561223888067e+00
8.874484596519538471e+00
8.918148750049798679e+00
8.939976036060144793e+00
8.946848205028313572e+00
8.965743711836951846e+00
8.969988151686246525e+00
8.983943157388543099e+00
9.000885277224808689e+00
9.005588145802823519e+00
9.032050699795929560e+00
9.035648045206746914e+00
9.054666979027356177e+00
9.190672147598158759e+00
9.211811556715481686e+00
9.223871057828999298e+00
9.232223840498370748e+00
9.234208769034260911e+00
9.239576363449927499e+00
9.240959807350160204e+00
9.318257743583362895e+00
9.367699306757641509e+00
9.408718303235009017e+00
9.412678690188180042e+00
9.459352719984797986e+00
9.507133293925633666e+00
9.519657073913480261e+00
9.531834419815874426e+00
9.575382385243573324e+00
9.591287265889846481e+00
9.636622609999685451e+00
9.682197118026584448e+00
9.691935000469861450e+00
9.724068223102804609e+00
9.770247800629821455e+00
9.816023177900605745e+00
9.850851206402769122e+00
9.851354954796111230e+00
9.866994101317997590e+00
9.870234650699343248e+00
9.882242566066416600e+00
9.913801736101394368e+00
9.942877646805643010e+00
9.953699095701473709e+00
9.959591299111894003e+00
9.969893738217397328e+00
