-1.999862540045533876e-01
-1.245468323550068257e-01
-1.202888758793670271e-01
-1.007131478290599069e-01
-9.638044034307877150e-02
-6.920968366706831132e-02
-6.539969966067338270e-02
-5.499648617958782792e-02
-1.667669615305128472e-02
-1.473340022463770493e-03
2.343815299663268292e-02
3.819692472750460532e-02
1.703237488740463879e-01
2.670883861571133333e-01
3.361835748048689898e-01
3.394787286425909323e-01
3.408891350632389794e-01
3.900646535691141836e-01
4.331242738624522803e-01
4.376009382392428981e-01
4.912248556588850179e-01
4.949995130533704768e-01
4.960761946019724422e-01
5.155595043386611565e-01
5.213682619777049165e-01
5.877215241155320236e-01
5.906375096389240298e-01
6.290628956168249353e-01
6.494725353753194597e-01
6.835351969390586202e-01
6.972241321260950198e-01
6.995986092240653598e-01
7.555675299297075487e-01
7.557559248856788869e-01
9.129752086754541196e-01
9.586103726560177840e-01
9.633748684660887740e-01
1.010294766937423150e+00
1.062889382174960540e+00
1.134261349451502587e+00
1.146957911017913334e+00
1.159313800918564841e+00
1.161661336023275259e+00
1.210992601033077598e+00
1.211547668125530830e+00
1.263856414350969182e+00
1.269468256769021863e+00
1.292251149294134649e+00
1.311577382515371815e+00
1.318848854035355123e+00
1.377615559028662950e+00
1.380411461439849496e+00
1.384367400991025843e+00
1.387524677204921453e+00
1.408784739948306663e+00
1.410190921788391893e+00
1.466906072328975519e+00
1.512242015739591938e+00
1.553667485324617070e+00
1.558067396714362118e+00
1.570595586905054297e+00
1.578152616713800693e+00
1.591270673246675482e+00
1.592313750850808951e+00
1.601201322647042291e+00
1.619066758741289913e+00
1.640551247201482266e+00
1.680601831581612471e+00
1.698167289148194037e+00
1.726873305593023211e+00
1.744159967293980484e+00
1.770071685647895299e+00
1.820530425523358309e+00
1.827026283949296337e+00
1.922302608846641503e+00
1.940379279177061322e+00
1.972032826784078763e+00
1.984965918731195211e+00
2.032502059007852857e+00
2.189428453484135506e+00
2.218521137676074950e+00
2.234508174119282042e+00
2.240100809209577548e+00
2.253605122426848073e+00
2.264881080061957430e+00
2.316588072034324597e+00
2.385078262911687563e+00
2.406534765668869813e+00
2.432263200837885719e+00
2.449151770244883064e+00
2.465814605691026618e+00
2.500663705811236870e+00
2.526933790027206417e+00
2.605287546131161758e+00
2.612036817503763153e+00
2.617352051049686601e+00
2.631381097223831400e+00
2.707699714467356245e+00
2.740925296791500543e+00
2.762334188083670927e+00
2.773334339959177886e+00
2.786568251036544819e+00
2.803217249620902241e+00
2.858196203631889087e+00
2.897943874191125424e+00
2.930860722289762244e+00
2.972072508064091512e+00
3.042242170016426606e+00
3.065584261503213614e+00
3.089904754798427078e+00
3.097585127564487451e+00
3.112696010761256016e+00
3.115965592792422356e+00
3.137562834851161497e+00
3.145671836113052233e+00
3.155769422817468861e+00
3.183302978811279438e+00
3.275931140206870484e+00
3.311543832936425957e+00
3.407713577865189691e+00
3.482020099938613722e+00
3.627057992668546671e+00
3.637221923799504708e+00
3.648275875444082050e+00
3.737619114245866125e+00
3.760027355220415757e+00
3.760263209872653167e+00
3.810794739806366849e+00
3.857258205496188808e+00
3.890410734345588928e+00
3.901317992144990754e+00
3.962423882507602357e+00
3.963543633904585306e+00
3.984397134754001257e+00
4.027197488825120963e+00
4.052965353976587970e+00
4.072030755650039247e+00
4.091104946658594699e+00
4.153763749537432659e+00
4.164781945596880419e+00
4.233003199213166923e+00
4.239360343360589312e+00
4.254500812814093536e+00
4.331775778812478883e+00
4.342754123982332182e+00
4.379441074874510953e+00
4.478637293159505539e+00
4.483746414530329183e+00
4.510878338717189351e+00
4.525387553116832606e+00
4.537516814352399841e+00
4.547547019816141400e+00
4.601941281338812750e+00
4.701963233805296127e+00
4.723277032740218040e+00
4.743018561712087688e+00
4.769057016269564464e+00
4.853861491105663006e+00
4.918496688993612587e+00
4.947819402997660987e+00
4.993250581099078822e+00
5.019062787780819157e+00
5.115255572154514319e+00
5.118299960045260555e+00
5.127438431143068520e+00
5.161002872555328302e+00
5.215254986710102791e+00
5.278449483569608525e+00
5.300744719834418639e+00
5.305566871979858767e+00
5.305841702197252374e+00
5.321995126345697713e+00
5.326729918318710233e+00
5.360124965518074269e+00
5.363440437033295538e+00
5.388253734772972869e+00
5.422181784789354531e+00
5.434431092782126882e+00
5.472578503526806415e+00
5.479794104780800090e+00
5.484845026248756916e+00
5.491484893466932249e+00
5.497310864313567080e+00
5.501701190419235665e+00
5.529243135423791422e+00
5.558696721867618429e+00
5.617670900362464970e+00
5.655080456364157016e+00
5.661785644611300405e+00
5.687223025827711886e+00
5.765489536068900911e+00
5.812423166247296713e+00
5.899475014737326717e+00
5.924783508351582739e+00
5.938379529817156666e+00
5.943979510612889428e+00
5.966493635277664964e+00
5.966916735626421442e+00
5.989186518795007963e+00
5.989862559478175363e+00
6.008099986993660657e+00
6.046464803942128263e+00
6.056438197767137765e+00
6.075454359178754871e+00
6.125444180978591113e+00
6.209791633355322027e+00
6.211787143772248498e+00
6.366492410123313128e+00
6.369151847976007197e+00
6.410592812025971199e+00
6.481926330447660867e+00
6.484130225956783455e+00
6.536472558400781452e+00
6.549145437697439398e+00
6.569700271648795109e+00
6.728751142291981679e+00
6.732391981791240987e+00
6.739450617066781390e+00
6.846023952508017985e+00
6.851012001344594537e+00
6.862786827855868133e+00
6.896675189193629762e+00
6.932246977330279059e+00
6.941776874429539390e+00
6.950764274767645468e+00
6.997500401095495981e+00
7.006590405795264154e+00
7.046771032428355674e+00
7.090894219496140849e+00
7.106863847994795869e+00
7.145706744636412644e+00
7.156149036803703289e+00
7.210643995012778085e+00
7.211695244367597901e+00
7.268290895446916977e+00
7.307881685916818526e+00
7.384424040424596214e+00
7.391494765994798932e+00
7.396300694865410641e+00
7.493835043197988099e+00
7.513907341660048367e+00
7.547396433564327545e+00
7.559168815098660232e+00
7.570310463707627946e+00
7.604399083655123626e+00
7.635806665300214569e+00
7.658214265313619151e+00
7.670495292908465323e+00
7.699239651015255426e+00
7.710106993178261092e+00
7.724436525761699812e+00
7.748341219341389419e+00
7.788799030269209389e+00
7.796373927454535391e+00
7.814593274706353121e+00
7.826408006204188972e+00
7.844649381501368701e+00
7.868059749121640856e+00
7.923039269381605187e+00
7.927198496251095072e+00
7.928876918805982221e+00
7.948580540299075459e+00
7.970715732699741984e+00
8.091612421359904772e+00
8.098568745239969502e+00
8.192730416846684349e+00
8.243402209832668248e+00
8.246501861308454195e+00
8.335708146818946673e+00
8.407443196714535105e+00
8.407580041442082930e+00
8.480093621119522140e+00
8.498828651978964643e+00
8.500431171729335489e+00
8.517803402171447047e+00
8.549528739557498369e+00
8.556540759746368963e+00
8.618349623259319969e+00
8.647107992387656594e+00
8.669771480704554278e+00
8.690255728534854285e+00
8.693218107320280552e+00
8.713724133984060316e+00
8.731332305576229302e+00
8.757098198016016966e+00
8.783477438860955999e+00
8.797798961283456620e+00
8.810298399071479380e+00
8.846063153277160751e+00
8.855154877947006398e+00
8.866297280954654525e+00
8.930783788517642208e+00
8.934475035085743144e+00
8.987700547756128699e+00
9.097359795610397981e+00
9.110141875038580750e+00
9.116214893117090767e+00
9.128926808516526492e+00
9.134505120726759131e+00
9.192839411030330865e+00
9.198745017956269976e+00
9.207026422845382641e+00
9.301936508336794418e+00
9.334645983195557051e+00
9.394455800358590736e+00
9.399229525019709541e+00
9.400501424545209872e+00
9.422455640675941879e+00
9.440309091288639820e+00
9.469335897273646552e+00
9.486035318175574105e+00
9.522253629909581463e+00
9.643150420691558367e+00
9.741345958014509421e+00
9.742223415700395961e+00
9.824541084143621816e+00
9.892731407500949814e+00
9.904448528836207188e+00
9.914029899101377552e+00
9.974437559585181745e+00
9.979302701041101287e+00
9.981556337682723878e+00
