-1.498915004392024908e-01
-1.396269764665811763e-01
-9.201706903580630925e-02
-6.218514872879499222e-02
-5.657286519853679807e-02
-5.196466403108773724e-02
5.633450133706607854e-02
6.397326764004701571e-02
1.577600462252380931e-01
1.591001571919004043e-01
1.732828959957476433e-01
2.955917051585711386e-01
3.387371415428251376e-01
3.682200449570965373e-01
3.919762216604473770e-01
4.132198957922895155e-01
4.455931508045430367e-01
4.490269176626925929e-01
5.146164078672919029e-01
5.237851781195161927e-01
5.514207632073575560e-01
5.684682307619788322e-01
6.633847081904438170e-01
6.739292415931463776e-01
8.437677363795392793e-01
8.488765904873551982e-01
8.603046547853072656e-01
8.919197206523747923e-01
9.359300064152029641e-01
9.381757760409681346e-01
9.625892171289620602e-01
1.000875862310657283e+00
1.130304322475533363e+00
1.219810922194060510e+00
1.333734741434703164e+00
1.396844912682848605e+00
1.445630823303929224e+00
1.502518543571789600e+00
1.533011843297087173e+00
1.626348296598949306e+00
1.638700860469362919e+00
1.646527304448685003e+00
1.661648008145627964e+00
1.713578548144871094e+00
1.772154040727657698e+00
1.787727565355318626e+00
1.853175102979248701e+00
1.859664117604888256e+00
1.899054306059699604e+00
1.957588775815519488e+00
1.983066512568534945e+00
2.065767924387827748e+00
2.157004424035933621e+00
2.161590889866766840e+00
2.164661855744267616e+00
2.198526250599107001e+00
2.245938286905935666e+00
2.259810861153264128e+00
2.272628353255663036e+00
2.279704135044102742e+00
2.331945737657798556e+00
2.335189254473461595e+00
2.349242536341578536e+00
2.363073682816661858e+00
2.395781763887984805e+00
2.436261236678489706e+00
2.455439715009507751e+00
2.472403143157328120e+00
2.483789074614737746e+00
2.494475001725545926e+00
2.509663064105576158e+00
2.535943570902861932e+00
2.559940645751193511e+00
2.572054959009369313e+00
2.574214365948100269e+00
2.608172168106884570e+00
2.751768083305839774e+00
2.796118417057836147e+00
2.819133240263691498e+00
2.833482579767739651e+00
2.842202709888948409e+00
2.957404780618610118e+00
2.964436334716948007e+00
3.036054949431683969e+00
3.045213130228431098e+00
3.054154381624088366e+00
3.068172314962478886e+00
3.097056620130375748e+00
3.114066512988050928e+00
3.151765236493536460e+00
3.184197519878961824e+00
3.211042695843607575e+00
3.231760833962959545e+00
3.334726303208253029e+00
3.338357821532743852e+00
3.349847405540971490e+00
3.369787915872965556e+00
3.410277913583100950e+00
3.424292104955790617e+00
3.456307684705671512e+00
3.505309810942117910e+00
3.542893247607438401e+00
3.545315324770299092e+00
3.547563867236113389e+00
3.561430682456690366e+00
3.602516348688725500e+00
3.648559640506521262e+00
3.733794210054566243e+00
3.788133078154080735e+00
3.797552412029492785e+00
3.808394587995108438e+00
3.819165077197157920e+00
3.826597637254578466e+00
3.896933416651733317e+00
3.915973129111518958e+00
3.925909952695780802e+00
3.990046850457483529e+00
4.012062621976919097e+00
4.039183691355498595e+00
4.055298635093651072e+00
4.065423221455539249e+00
4.087169375675134830e+00
4.115744748583609613e+00
4.117634981365348779e+00
4.133074818017173691e+00
4.163500407172483264e+00
4.203836732061022374e+00
4.209889103381937225e+00
4.218115743356444014e+00
4.221032196456348196e+00
4.236739945534813145e+00
4.258550118306544618e+00
4.292380073080098057e+00
4.292850757536752049e+00
4.316684169377446700e+00
4.360211700005447888e+00
4.367007727106110515e+00
4.409544331631836123e+00
4.423650323124281414e+00
4.448619820001295189e+00
4.475725548626128258e+00
4.528492165714650852e+00
4.539177627288733419e+00
4.557359313384011124e+00
4.566826051480053827e+00
4.617639906627248436e+00
4.639199748311733984e+00
4.662613121307813024e+00
4.707601547570847700e+00
4.769477550790349518e+00
4.773878046429866906e+00
4.816216247304079268e+00
4.818419276687637698e+00
4.870524769010601496e+00
4.893736991257986446e+00
4.911550716892114643e+00
4.940098557601977802e+00
4.957953941570272249e+00
5.018829294669777674e+00
5.075467099572658292e+00
5.104869546847696782e+00
5.156547679232092563e+00
5.182338292493337661e+00
5.210215536372196254e+00
5.241690270750705594e+00
5.256075801556383986e+00
5.291071193316779109e+00
5.297556832444117347e+00
5.314941318445596252e+00
5.339609596407192349e+00
5.415219116763129392e+00
5.461010727771369311e+00
5.483156523546142580e+00
5.526279627379389048e+00
5.535622170848559342e+00
5.548749064225336092e+00
5.553758664981653936e+00
5.573249350489144938e+00
5.586606651649430155e+00
5.603737870802210530e+00
5.629000476986811385e+00
5.716102864839768039e+00
5.723074454968254621e+00
5.764241134866276539e+00
5.766652770456669685e+00
5.780201386472017866e+00
5.783738366650002405e+00
5.806781661928829052e+00
5.812993871561124237e+00
5.857005126067685197e+00
5.894358847297377579e+00
5.894865349842785207e+00
5.900423918597726747e+00
5.914230974942851660e+00
5.997458166365358778e+00
6.078006001626569343e+00
6.078558613926725585e+00
6.097913831891086822e+00
6.113003057709061494e+00
6.129318337598362199e+00
6.130461505825868684e+00
6.135289789783002767e+00
6.164513087954315296e+00
6.279776558655006724e+00
6.305025594799765543e+00
6.359180785189702867e+00
6.371951278732954194e+00
6.390946756307497090e+00
6.424657637793231402e+00
6.471979522232117255e+00
6.473767950096858570e+00
6.477871489464118504e+00
6.482550329412966050e+00
6.503105778760421174e+00
6.526995973991248867e+00
6.533916317604922419e+00
6.559600210949591670e+00
6.577745766136142258e+00
6.605804758094731888e+00
6.646960053932765788e+00
6.678720299434488084e+00
6.714160803521222576e+00
6.722265138604532453e+00
6.733248481710630173e+00
6.757595259989614078e+00
6.770366906606239965e+00
6.776326989982810467e+00
6.782368191613163511e+00
6.789549993012793827e+00
6.790387028977352024e+00
6.825343163694284954e+00
6.855991470488864259e+00
6.863959934006879315e+00
7.025732553952391157e+00
7.048836797124190312e+00
7.072629972739600035e+00
7.126151498519356586e+00
7.130559247795472011e+00
7.134525263258487904e+00
7.159159054634253394e+00
7.189493076840620667e+00
7.199297168542297953e+00
7.210680183427326639e+00
7.227665810986538375e+00
7.244733030646757221e+00
7.273110610925863639e+00
7.294820875650927405e+00
7.399214866351308650e+00
7.432001575060036558e+00
7.482005687263153071e+00
7.494234347219633108e+00
7.512960555125767215e+00
7.527770742578084651e+00
7.627438669555108852e+00
7.663010799597963718e+00
7.696410158743051788e+00
7.767375507179549388e+00
7.782793318819877904e+00
7.825244331314356039e+00
7.840945159404905773e+00
7.873553832936130981e+00
7.937172087665323339e+00
8.009559536213684439e+00
8.039342057573000133e+00
8.104369190833205394e+00
8.110159011514893379e+00
8.141364339074907974e+00
8.146206455252121614e+00
8.168953785030867110e+00
8.189248105516009346e+00
8.200424422356869414e+00
8.247583140924888312e+00
8.262260182352759941e+00
8.279378813844845197e+00
8.293000521008281112e+00
8.334840904060898836e+00
8.347429642411519524e+00
8.355704004447296995e+00
8.360471643375335660e+00
8.381611347970144621e+00
8.474264850979766450e+00
8.511871298399015018e+00
8.611968677037575404e+00
8.612601956347498700e+00
8.663411869110388963e+00
8.677484695809701165e+00
8.695932842515464500e+00
8.704166242427113787e+00
8.740497410364332254e+00
8.817971428804041167e+00
8.871664364218817767e+00
8.895866279481392525e+00
8.930272623195341097e+00
8.968957662489309257e+00
9.014655508085766655e+00
9.053828628552592406e+00
9.084179618326041705e+00
9.140340353406179119e+00
9.168911111060261021e+00
9.190678468396836109e+00
9.212125989727006470e+00
9.223741213908310144e+00
9.260787712623583801e+00
9.337402501495482454e+00
9.405746558443285110e+00
9.408874139094828948e+00
9.429448929951025349e+00
9.436455424089603028e+00
9.468519824481782976e+00
9.563311692395535246e+00
9.615034666004573793e+00
9.615494478232081477e+00
9.619098706504356500e+00
9.630470891604742789e+00
9.638542094769810831e+00
9.707217500829500523e+00
9.711969931156348323e+00
9.728057892966779363e+00
9.760369642741501650e+00
9.774822275768622504e+00
9.781177851884311991e+00
9.781551776957178035e+00
9.787890427122096781e+00
9.819683812250790567e+00
9.885921050195664250e+00
