-1.692990987714043660e-01
-1.567117358655497616e-01
-1.469796427282488716e-01
-4.057710643653694715e-02
-1.777901224591219020e-02
2.418532822499741552e-02
6.676312014005936213e-02
1.343099279343618613e-01
1.402629665648290058e-01
1.438341878659248341e-01
2.231224648194531923e-01
2.777974408269916484e-01
3.239994838444161807e-01
3.432228895928954304e-01
4.266608559081567775e-01
4.698610653002752158e-01
5.005429465063309102e-01
5.426588670362995082e-01
5.770196097965880622e-01
5.790206622301106165e-01
5.881939840499343930e-01
6.117409312288781820e-01
6.359537464334485968e-01
6.603367881868456024e-01
6.813713002877699321e-01
7.889805012159425424e-01
8.000656806421377887e-01
8.647128290446837173e-01
9.040703048691320909e-01
9.651348805152892840e-01
9.807036970882132554e-01
9.945135357974463908e-01
1.036534569345923806e+00
1.050165653478128291e+00
1.068369333945474065e+00
1.074062456563674495e+00
1.079818035578922197e+00
1.119595943983403785e+00
1.175375580102211881e+00
1.224223558869053097e+00
1.278204594835585794e+00
1.373573182233807533e+00
1.377696016177208937e+00
1.403228024887561043e+00
1.450538356222488723e+00
1.510752448837088036e+00
1.567517026442876604e+00
1.620338503900106142e+00
1.701650470577517948e+00
1.742255901399261786e+00
1.765255852191295105e+00
1.822982261922804659e+00
1.824474004696943430e+00
1.827992894063299234e+00
1.864657300880897983e+00
1.913049061628567804e+00
1.921238279208646871e+00
2.004744941108343337e+00
2.048134180832807516e+00
2.078871943525760546e+00
2.088457739722778594e+00
2.149016065048367174e+00
2.172734045567987771e+00
2.200259983425724819e+00
2.207221870009766995e+00
2.246085600499502011e+00
2.277144755216877758e+00
2.298494084406099702e+00
2.307979766767217722e+00
2.323771724872409461e+00
2.336970110605994133e+00
2.341633374409201718e+00
2.387714128907645339e+00
2.426982564394394970e+00
2.432530957811333661e+00
2.440028348896561283e+00
2.445190207164215312e+00
2.476824764249225819e+00
2.485037574997917886e+00
2.486249207809193340e+00
2.511094665991026709e+00
2.531242175492295132e+00
2.564885245089488564e+00
2.606787455365828343e+00
2.609307148440347834e+00
2.636771140826698723e+00
2.665069719327349596e+00
2.738382040391772687e+00
2.743607029721305324e+00
2.746826779200585822e+00
2.784958435694231849e+00
2.905953363471298623e+00
2.976170620778371134e+00
3.005068146736091794e+00
3.049312137927931765e+00
3.056726084952396505e+00
3.166289988263596644e+00
3.167030731481129902e+00
3.184725221885867263e+00
3.254808269832156764e+00
3.303569150271544963e+00
3.325444630862033790e+00
3.441522353652642696e+00
3.445939307917254002e+00
3.452629382363904931e+00
3.455231817167216057e+00
3.495382107283047102e+00
3.537303937480895666e+00
3.558913212355229838e+00
3.657968146320817127e+00
3.718378914249368616e+00
3.730803408366163421e+00
3.742086860302787699e+00
3.775378524311339579e+00
3.781188205859542961e+00
3.831799434158003059e+00
3.860516209093497686e+00
3.959115268146863542e+00
4.000631679449458744e+00
4.008135681514963800e+00
4.011185942499915669e+00
4.033661248738370730e+00
4.060394366620440287e+00
4.138589745541177756e+00
4.186594180027162437e+00
4.194796262943811804e+00
4.212571645599291870e+00
4.242917593996081926e+00
4.323677799080066997e+00
4.354932872834592850e+00
4.366985955497013627e+00
4.378173122510415460e+00
4.382655057367021989e+00
4.412125649190572041e+00
4.434120223290141105e+00
4.516734182562400335e+00
4.580409329564433918e+00
4.588829665708628269e+00
4.598157651609309227e+00
4.618468600197097373e+00
4.633045815867638417e+00
4.674016875060148735e+00
4.681873018658846419e+00
4.684033072780421136e+00
4.729148480925803533e+00
4.778177578358436151e+00
4.785034349531323450e+00
4.792174760668761913e+00
4.829143845204781016e+00
4.854594400744426608e+00
4.925403163430950748e+00
4.991388946847883368e+00
5.021018613042008027e+00
5.070674753927516321e+00
5.101860615848644365e+00
5.160956142242424605e+00
5.210236392513014181e+00
5.276527855210493279e+00
5.291998598684964250e+00
5.363988130173924063e+00
5.407746823937534586e+00
5.411067585161591253e+00
5.470590268235015152e+00
5.481759778071387146e+00
5.487306364165096539e+00
5.499573601902275399e+00
5.514161456760491298e+00
5.547526469239249636e+00
5.548538483128888643e+00
5.550920865504626711e+00
5.595660075013581647e+00
5.608133519566177227e+00
5.620982053799789213e+00
5.625963109501649129e+00
5.651100694633040433e+00
5.712889338306243125e+00
5.740377234053136490e+00
5.785604610659290437e+00
5.841296549169052277e+00
5.885066551684775327e+00
5.893453111972594805e+00
5.957856495325405177e+00
5.961926437928647182e+00
5.985360131115946558e+00
6.174440085422475910e+00
6.180015728093225746e+00
6.194343301199740637e+00
6.229926981856874768e+00
6.280591017301266454e+00
6.287600844680789614e+00
6.333309718145156531e+00
6.358102648115832700e+00
6.379048298431365005e+00
6.410832578921400682e+00
6.418214148815212461e+00
6.530686006225500329e+00
6.547135504490807278e+00
6.645224052079249155e+00
6.661985142797082204e+00
6.719609917383795761e+00
6.719819489792195455e+00
6.725541585744733375e+00
6.736575775144042488e+00
6.848643094276527066e+00
6.879758745208653714e+00
6.883107878395049006e+00
6.904042373173296276e+00
6.946879190480338195e+00
6.960625811308930544e+00
6.964818253906665646e+00
6.964931707268321226e+00
6.973712038081042230e+00
6.978147355116929518e+00
6.998977599074598821e+00
7.027308029274818679e+00
7.051559468843390910e+00
7.058107073423859568e+00
7.066807837450016727e+00
7.081480323937052290e+00
7.085183995356246989e+00
7.094586323079719925e+00
7.217378416428934074e+00
7.220638864747242813e+00
7.232238592506288200e+00
7.234937047528592124e+00
7.391242499627595386e+00
7.426802764859516515e+00
7.457545564788482295e+00
7.469318426658565713e+00
7.558710448419726724e+00
7.593335676235283493e+00
7.615307796877654134e+00
7.658188290416012123e+00
7.675103258484281987e+00
7.718004427715078108e+00
7.838835492943936778e+00
7.886750950735888388e+00
7.918961173252580643e+00
7.955389786214811743e+00
7.961606404371155854e+00
8.058001448237224196e+00
8.068517031197240286e+00
8.072837476913313992e+00
8.091948977561777667e+00
8.217675891536890376e+00
8.249008791490663128e+00
8.296110601840361198e+00
8.336437922900886477e+00
8.351156658900482199e+00
8.370319641718328540e+00
8.386419199666635294e+00
8.475045369060334011e+00
8.490335315243399350e+00
8.501673112139915389e+00
8.567965004289378683e+00
8.608759951527966692e+00
8.640595716037680063e+00
8.725489305480575553e+00
8.726169036051043548e+00
8.770328280322026160e+00
8.803218213662496794e+00
8.817938387184073079e+00
8.837908304472538390e+00
8.868646245235735748e+00
8.877410045030071473e+00
8.878507450463589024e+00
9.034445715226924634e+00
9.046618847727128099e+00
9.064915328004314432e+00
9.067135440363024657e+00
9.091704667653633720e+00
9.136683324719697907e+00
9.139452396845022975e+00
9.173633193500263516e+00
9.241373226478968306e+00
9.244823556521794217e+00
9.288243836697979816e+00
9.294009498002811398e+00
9.309578277827084136e+00
9.367684105303487385e+00
9.399161694111791476e+00
9.449098725491277051e+00
9.470865925911205352e+00
9.474278158473765643e+00
9.607344234447657172e+00
9.613996552944298557e+00
9.623786849126149789e+00
9.631219500993367433e+00
9.634963164466245900e+00
9.707704017686593190e+00
9.770465636273490517e+00
9.843608035298339942e+00
9.858785307531782394e+00
9.871200656654288252e+00
9.872196757172565285e+00
9.880642354447292774e+00
9.885858491841794660e+00
9.917095805693900701e+00
9.924271699026792959e+00
9.928779370227928780e+00
9.982588118225013574e+00
