-1.877298256417290756e-01
-1.827432872698073474e-01
-1.296335258220447650e-01
-6.336364266286248492e-02
-4.004761483299063007e-03
6.350374193862723393e-03
1.970037874189520255e-02
5.643467005131347358e-02
7.627700348062066427e-02
8.585260832868685243e-02
8.721629775530670425e-02
1.028703021103181681e-01
1.309625048205168008e-01
2.221005129898008801e-01
2.261014558156823062e-01
2.741766617042922238e-01
3.063314248092446346e-01
3.610767129718433499e-01
4.630268771425095076e-01
4.891416547576440954e-01
5.258542848954947946e-01
5.480085400395842132e-01
5.517065361777417909e-01
5.623126521153860580e-01
5.641145696040690272e-01
5.870451560725511442e-01
5.952246156427554169e-01
6.139609765378615247e-01
6.587708722440750453e-01
6.755846324906960021e-01
6.758569536537935019e-01
6.773443747282119620e-01
6.982971096838885838e-01
7.023055268738196411e-01
7.039013705461394377e-01
7.344983511242748619e-01
7.499153511542242523e-01
7.621069031765255186e-01
8.116609917918991002e-01
8.860801531879498594e-01
8.969160680024630405e-01
9.526401164792945853e-01
9.758567501904058528e-01
9.875665230606291978e-01
1.044596488606088336e+00
1.060376809776392371e+00
1.086278382707462908e+00
1.087395267109802832e+00
1.098474008979501315e+00
1.176771551677808780e+00
1.204195955028947163e+00
1.285990136534536532e+00
1.296795130455186351e+00
1.309656661112058362e+00
1.364516127243811328e+00
1.417479563785793761e+00
1.493819897288028775e+00
1.538328942061720328e+00
1.545997049985127214e+00
1.561735748939014012e+00
1.566491112692638410e+00
1.640931636487654055e+00
1.656555195624513477e+00
1.668589140215899436e+00
1.674702183528718136e+00
1.678418916761271973e+00
1.765997293866761630e+00
1.782844295095724618e+00
1.819247241501024126e+00
1.852972297596468865e+00
1.899883003580606244e+00
1.950338457667303294e+00
2.120458661953307455e+00
2.209630143419591519e+00
2.244171449649063899e+00
2.284569827562812794e+00
2.343731489785419342e+00
2.368213173717320874e+00
2.409978511221373854e+00
2.418954531934893737e+00
2.448680402186721672e+00
2.467724074151169678e+00
2.471181940310702707e+00
2.516709534101563062e+00
2.525929970045532880e+00
2.619478965430969364e+00
2.629098323982311580e+00
2.656544020879145318e+00
2.665934977533658934e+00
2.683081106825552009e+00
2.685180360416449030e+00
2.725099667784788959e+00
2.756444836329172698e+00
2.761908419594655939e+00
2.787215708324029873e+00
2.828878969849257796e+00
2.908088087839289848e+00
2.962382368182194359e+00
2.972346365342721786e+00
3.009049721796530630e+00
3.051017092887675641e+00
3.059038399559271149e+00
3.110633009903821300e+00
3.130723797982752465e+00
3.133890615951083536e+00
3.153724641392273043e+00
3.182079874158387778e+00
3.249519017465812176e+00
3.273239883102853298e+00
3.284893587175432117e+00
3.334842774628206552e+00
3.343492765758198981e+00
3.380028255698150463e+00
3.387331254135748981e+00
3.388591042036237511e+00
3.530980770129038326e+00
3.534258164537563029e+00
3.550426925105931275e+00
3.575045748320947681e+00
3.586403894219295285e+00
3.589092746642879028e+00
3.691688247112467458e+00
3.731631147822745742e+00
3.733199179698530212e+00
3.737656422657538613e+00
3.811771454320347807e+00
3.812276737712871899e+00
3.875401160067925233e+00
3.903808499052763281e+00
3.934561695218704358e+00
3.950025254518059192e+00
3.965330219562578584e+00
3.987481215871817142e+00
3.993497293250797497e+00
3.994300035561971107e+00
4.020432767134940910e+00
4.044483975132216358e+00
4.044822544892620719e+00
4.046914844513184839e+00
4.052944317568910826e+00
4.069603446049434581e+00
4.103399797637825586e+00
4.191172763768546083e+00
4.257365924521173461e+00
4.270631272746999052e+00
4.295778576652701020e+00
4.313498466125175845e+00
4.315317745236120217e+00
4.331793191339771809e+00
4.391490100229582971e+00
4.402818308349486287e+00
4.433250789701149941e+00
4.487759751593210389e+00
4.545808793691102245e+00
4.562620856134419256e+00
4.568093296962776328e+00
4.615823124248152887e+00
4.666928023159552019e+00
4.715326699628695550e+00
4.755553556965948836e+00
4.774634191541572648e+00
4.814315494149320251e+00
4.822195084391236009e+00
4.840152034906449963e+00
4.871591206189028078e+00
4.877751984735160917e+00
4.927490095414335691e+00
4.938884711921513571e+00
5.039896581949333765e+00
5.060501805049900881e+00
5.064761967248737839e+00
5.076095320096332131e+00
5.116910312188825749e+00
5.195190122345311856e+00
5.225751810416245036e+00
5.240755438804611366e+00
5.252053594624754851e+00
5.291117368773432972e+00
5.380289050421626307e+00
5.401130702964558772e+00
5.419211972215679296e+00
5.511883402978322799e+00
5.530816018488481589e+00
5.543087641268163779e+00
5.569564335558128576e+00
5.576724553713363619e+00
5.596698255579802606e+00
5.616219457895647693e+00
5.629228623635095019e+00
5.675188136349736290e+00
5.689830566267297662e+00
5.691927538082235394e+00
5.786379703807785546e+00
5.788058026380523025e+00
5.798319883315379286e+00
5.844208171458972423e+00
5.889420454056167209e+00
5.906704265122868058e+00
5.971542594421284988e+00
5.995353428999968592e+00
6.015099155536050901e+00
6.182742561444016793e+00
6.183814667416450028e+00
6.236065014871127410e+00
6.258380949373462343e+00
6.420133843080967573e+00
6.446750996433721959e+00
6.447923017116292677e+00
6.482028217943279103e+00
6.600068780457023720e+00
6.620414973066979236e+00
6.627424674408031180e+00
6.652455867652108168e+00
6.727279367180320158e+00
6.731866236899627154e+00
6.777718684516647052e+00
6.832198191162326850e+00
6.836002178785305361e+00
6.845189382593973804e+00
6.872903117637478410e+00
6.886802469256519288e+00
6.908594850622866268e+00
6.984668087553631111e+00
6.984936161435175705e+00
6.998194164525886940e+00
7.074357857038768849e+00
7.074768925665424923e+00
7.124844129673572724e+00
7.272525332645497720e+00
7.281303293106281771e+00
7.296687033795666188e+00
7.304916413417416265e+00
7.312812299340496480e+00
7.413531900480561099e+00
7.420892576102913196e+00
7.433499271170349587e+00
7.458749677277001666e+00
7.529736603205326340e+00
7.533046609595647425e+00
7.533274959511005342e+00
7.560412239534895384e+00
7.574062155402723207e+00
7.717373922815855103e+00
7.720784994761188180e+00
7.721177297049810484e+00
7.729718905890112346e+00
7.745416293443495803e+00
7.771182811921806710e+00
7.801040061569675110e+00
7.805862414786283843e+00
7.824817156073144098e+00
7.916673901228477028e+00
8.063909544970680798e+00
8.099460291703485026e+00
8.104457770970991959e+00
8.112048831309808250e+00
8.130409514088372092e+00
8.140271458629603885e+00
8.140642176552374210e+00
8.146372778762721367e+00
8.146532476587164950e+00
8.160347900070389571e+00
8.208679110241584809e+00
8.226928000221262138e+00
8.234387812329559964e+00
8.246512776008843915e+00
8.270891213855357194e+00
8.271370521419994404e+00
8.289283055768930097e+00
8.290735052576195585e+00
8.292621787377660425e+00
8.329066043648262863e+00
8.355012460001493224e+00
8.370661073497998927e+00
8.384191541473498432e+00
8.407546226227472275e+00
8.416786523053858105e+00
8.422400841673622907e+00
8.467546204557809375e+00
8.477401791042447954e+00
8.504665488079918845e+00
8.521143750398675110e+00
8.589869872290538666e+00
8.689698773816781241e+00
8.706143990975999003e+00
8.714354715170307131e+00
8.718276485668781106e+00
8.724478622503388792e+00
8.731158034272047175e+00
8.773775363467041899e+00
8.789064219228079011e+00
8.826789240686450100e+00
8.847430574060870967e+00
8.898579905650350952e+00
8.924414529205048296e+00
8.966797122246749296e+00
8.985822633330514009e+00
9.013441354495780544e+00
9.112090356902839972e+00
9.153536969362420450e+00
9.215281273350690583e+00
9.221296703683561802e+00
9.258522109045461690e+00
9.308864456700721490e+00
9.317616502292791480e+00
9.339492539413251748e+00
9.367357507334638456e+00
9.381550470461073488e+00
9.429429451806662144e+00
9.526961636500171693e+00
9.534194794397603090e+00
9.562999645147373329e+00
9.606036481241529756e+00
9.736597276569433745e+00
9.739210713474895087e+00
9.757972794549312212e+00
9.819360815567531375e+00
9.822480473441483895e+00
9.866233072755569822e+00
9.926168819814993327e+00
9.932900823570887994e+00
9.940211561317859434e+00
9.941396592983005931e+00
9.985849192044971900e+00
9.985897590144494629e+00
9.994966105195691952e+00
