-1.807546445653874234e-01
-1.701436490654764933e-01
-1.460232759765152100e-01
-1.316466861051949766e-01
-1.058693318781273041e-01
-9.697575433730769301e-02
-4.396061243005022767e-02
-7.225059115100129770e-03
1.172292703580876672e-02
1.342990629615084530e-02
6.405795502956967979e-02
1.305307051067171598e-01
1.569473216170597096e-01
1.795177589161003340e-01
1.834975326796876582e-01
1.892086062586283979e-01
2.410048498765223757e-01
2.530650201829322543e-01
3.026595688823979224e-01
3.094713489470582446e-01
3.142641876029294568e-01
3.391881893148644411e-01
3.402868811589817022e-01
3.490931154336523456e-01
3.530561583423488803e-01
3.776485288916078820e-01
4.199839908969266733e-01
4.267750556699561604e-01
4.364814612498731372e-01
4.379215553421173523e-01
4.387763461393669462e-01
4.455361235048921897e-01
5.134914366485161530e-01
5.774565831977902519e-01
6.537791899019602671e-01
6.577882115310327293e-01
6.795778831886365445e-01
6.973978864300587333e-01
6.976202860997620103e-01
7.307573180598063711e-01
8.045976689571445739e-01
8.636045570367048008e-01
8.689354175731471841e-01
8.739596290049977956e-01
8.944785316258028196e-01
9.974183974289072552e-01
1.042067221655733844e+00
1.106385889074376738e+00
1.112550121032135797e+00
1.196827759525902479e+00
1.209584887125208175e+00
1.239727084433085880e+00
1.361313534595124608e+00
1.367528367918903198e+00
1.389297607530818768e+00
1.396256855984007617e+00
1.430368140065490179e+00
1.473835156659901946e+00
1.493006687767342910e+00
1.509746080905205456e+00
1.533445031191611241e+00
1.553262558006712535e+00
1.553448337427101755e+00
1.561718618773510370e+00
1.565973820823419516e+00
1.606146468618613765e+00
1.699836324473954940e+00
1.759844963986047173e+00
1.762896001078728458e+00
1.810475094011913422e+00
1.822229836926451574e+00
1.823264173599265403e+00
1.886641204399576610e+00
1.894273301216282901e+00
1.934110132723594999e+00
1.937182767213627033e+00
1.969879896511970374e+00
2.019145235947646722e+00
2.031950247967302392e+00
2.070212114175146390e+00
2.082449580975451298e+00
2.096244640738659903e+00
2.115095662569643320e+00
2.183619953802316882e+00
2.196377154406491172e+00
2.254888348735696102e+00
2.257360469708810324e+00
2.269064615922697925e+00
2.323779004896945111e+00
2.343494498446524243e+00
2.444730771134910885e+00
2.468857903822193389e+00
2.491638968058222048e+00
2.497572428045335080e+00
2.528713598847852406e+00
2.573069581545730955e+00
2.580455838892635523e+00
2.609129759310993002e+00
2.639562978020963957e+00
2.656380310864782324e+00
2.684842579923745642e+00
2.702356583823685821e+00
2.703462042133883525e+00
2.712301129220574314e+00
2.721594058117304815e+00
2.755670240281810290e+00
2.785710723457194504e+00
2.806346804208118773e+00
2.824176179122551034e+00
2.829833507350056454e+00
2.860873619903255616e+00
2.878156348879626680e+00
2.889702606212988911e+00
2.895241526872999849e+00
2.941066359004461450e+00
2.993186599561411310e+00
2.996917784043687139e+00
3.000683100929464775e+00
3.020958306387015568e+00
3.033219862573872661e+00
3.063129197660519054e+00
3.101350359296214165e+00
3.120638603429158664e+00
3.219626486251669473e+00
3.266529239977022048e+00
3.285610508301908705e+00
3.332984495873497099e+00
3.394660861991479983e+00
3.436889842884669477e+00
3.442241075319095955e+00
3.480571154052991112e+00
3.482775888039081114e+00
3.564053254234310852e+00
3.568392590424447786e+00
3.593938532797225527e+00
3.649738648341716907e+00
3.715791482160160086e+00
3.881583846365900925e+00
3.937882671363255760e+00
3.963487139867197584e+00
4.042306030859582400e+00
4.064972213305925841e+00
4.065408101143574982e+00
4.089355346242236955e+00
4.107171656183199460e+00
4.131979073975042382e+00
4.151075916080205097e+00
4.153615329604762429e+00
4.158262829438823971e+00
4.200927956369286065e+00
4.209993096867499673e+00
4.213954294860681848e+00
4.271713425309175527e+00
4.305520446417641978e+00
4.334631058167636830e+00
4.366996092837204024e+00
4.377789319948431235e+00
4.380359585640127840e+00
4.474291216306161445e+00
4.519354909293363143e+00
4.540945962022004068e+00
4.603213365807837576e+00
4.624445828751734489e+00
4.629018400251617926e+00
4.729741150933786997e+00
4.809784724841803083e+00
4.814996039045813525e+00
4.864508408703203557e+00
4.915379473134341204e+00
4.945634425986407123e+00
4.959735166489426028e+00
4.964164671898667613e+00
4.998396609887602260e+00
5.003849535555878525e+00
5.027179488033069354e+00
5.089813477439303568e+00
5.117479918980468945e+00
5.171056797129790716e+00
5.189355298162594110e+00
5.278580514890523823e+00
5.293894528948369427e+00
5.310657577665024220e+00
5.316905726476005789e+00
5.345925403516174512e+00
5.368137073760807176e+00
5.375060433456489761e+00
5.529588365224775259e+00
5.640669717835296026e+00
5.649431975083519575e+00
5.650350364410187787e+00
5.723499324727845838e+00
5.734624663091739905e+00
5.739856111474253453e+00
5.740146659884612035e+00
5.742563736337340075e+00
5.757647473436937169e+00
5.777040189096968703e+00
5.785353830006854103e+00
5.837533077042250440e+00
5.882605352300595669e+00
5.885521554706964587e+00
5.921453542765661382e+00
5.940289815611761171e+00
5.941420397538931475e+00
5.994549657682711974e+00
6.011417255001179960e+00
6.042239104582121989e+00
6.133014178852586262e+00
6.197701238092327536e+00
6.254581599386925816e+00
6.255727375611059848e+00
6.295014811579735081e+00
6.300382751519546076e+00
6.358234708769420429e+00
6.365881542484117084e+00
6.421404678122412335e+00
6.506402527558748261e+00
6.529200088923523992e+00
6.545992606558646010e+00
6.562426977429993258e+00
6.624910301613107677e+00
6.669553042260538689e+00
6.692535473921782163e+00
6.696774173632282334e+00
6.727544239489799516e+00
6.763359160699955019e+00
6.832133213624120849e+00
6.993177865421153605e+00
7.069758869387962719e+00
7.072230834671435318e+00
7.124022072850897835e+00
7.176178491564156658e+00
7.190891311961780552e+00
7.229830433787584276e+00
7.235715314860287961e+00
7.303156654245376522e+00
7.329821086502243510e+00
7.345534497923032369e+00
7.357371243258363336e+00
7.364965255401301647e+00
7.412963958271620690e+00
7.420524855683603427e+00
7.458691510542101888e+00
7.536233989964301827e+00
7.561871492489029123e+00
7.589014411777704083e+00
7.683396912868432516e+00
7.805212049635595228e+00
7.835978131904798083e+00
7.844954905162784264e+00
7.854419029585135270e+00
7.903925615617535705e+00
7.914106931229285102e+00
7.945651707645263961e+00
7.959179535389304228e+00
8.011105154896602798e+00
8.094491887583611600e+00
8.117628545701110809e+00
8.146584447401487239e+00
8.149899531821828802e+00
8.159040064894487188e+00
8.266989135259745325e+00
8.328997763250406194e+00
8.329567885298233776e+00
8.436961382616862792e+00
8.494432888568802298e+00
8.540939371012344239e+00
8.555670011505412731e+00
8.563098853593979598e+00
8.638169765119213750e+00
8.706333328988760556e+00
8.731672672816905845e+00
8.758120843234509678e+00
8.860863914043084932e+00
8.872231110503022933e+00
8.891164503835048194e+00
8.941437902055939801e+00
8.967886563654635879e+00
9.001619442259265469e+00
9.082166651659788315e+00
9.089844930622506425e+00
9.098990929428138585e+00
9.162344680105931616e+00
9.214827658654867193e+00
9.269047651544179089e+00
9.275565662065206496e+00
9.277451069725756838e+00
9.325076993271567360e+00
9.582670411450273207e+00
9.612406083083707031e+00
9.663799174590481655e+00
9.784092985724299751e+00
9.813690113690931582e+00
9.836285898610910294e+00
9.861863002644886578e+00
9.864217783211078228e+00
9.868536515213168769e+00
9.873439523016530828e+00
9.876870296248858594e+00
9.902149883007838937e+00
9.932481945780558874e+00
9.941994878920350942e+00
9.948996823770261955e+00
9.996840300967749116e+00
