-1.524712519863174742e-01
-8.576194497399207417e-02
-3.447002366128287809e-02
1.563603052286122175e-02
4.005961122503629013e-02
8.531970517251258324e-02
9.995444709436285269e-02
1.361512585047142121e-01
1.964300807370676361e-01
2.602503531161082240e-01
2.995092046089691262e-01
3.907734107432485060e-01
3.999943546187224030e-01
4.032997535364417074e-01
4.756633558386296756e-01
4.997751696599226912e-01
5.042326386387150361e-01
5.692481590471165642e-01
6.149390481514074303e-01
6.318441076398169098e-01
6.404534726124513355e-01
6.549867141688607841e-01
7.670577603035431125e-01
8.483813610774435521e-01
8.534809922827237827e-01
8.697363929834318608e-01
9.206412531760626017e-01
9.380805217119931871e-01
9.658845715765596029e-01
9.677771451062564534e-01
1.122623298707269957e+00
1.178602603727852971e+00
1.200084193904189744e+00
1.208572555235613688e+00
1.252548919475607647e+00
1.308771159719963606e+00
1.315685814948877930e+00
1.387729563330114990e+00
1.430480003624714280e+00
1.431068515539222208e+00
1.448101492219896036e+00
1.455331431265176612e+00
1.516558715514241928e+00
1.521406888953458214e+00
1.544739864335969104e+00
1.548960577310202202e+00
1.552129392332756597e+00
1.618012290796561503e+00
1.633776372355390860e+00
1.678836835570445052e+00
1.802890041335097449e+00
1.814742973346950228e+00
1.818847106494226429e+00
1.860326245133612888e+00
1.869928148610192631e+00
1.876501169236411082e+00
1.955728944307376205e+00
2.021683341476060658e+00
2.049695941031412616e+00
2.072407919188149705e+00
2.153385889374938689e+00
2.213453839408732193e+00
2.266121884115323670e+00
2.269078084847853560e+00
2.476150108063770006e+00
2.520593599346664160e+00
2.536182594898169995e+00
2.563617399892456294e+00
2.568543798304952830e+00
2.636444015306600441e+00
2.644463053735915281e+00
2.655753827963667657e+00
2.659338246981203024e+00
2.689968872592519045e+00
2.722406385753963765e+00
2.723156179091106299e+00
2.782480038055454852e+00
2.815612804516808509e+00
2.865867297023044991e+00
2.880531447239358833e+00
2.888839271904090733e+00
2.895186849067344692e+00
2.928405365973107521e+00
2.948491995855067049e+00
2.963666812252369720e+00
2.980626253098720202e+00
3.142249905951939759e+00
3.146392573560182537e+00
3.169986452487028039e+00
3.203813347972874315e+00
3.207984659940002370e+00
3.216720321898516310e+00
3.219214000461483760e+00
3.239346636016289249e+00
3.249090069437060357e+00
3.269865566330508955e+00
3.269879146086596133e+00
3.334213806127296564e+00
3.340244611901041605e+00
3.359145233170875322e+00
3.374627983877001913e+00
3.374776967740566569e+00
3.472661607979579124e+00
3.475087139577058171e+00
3.562190010485492664e+00
3.568492410064493914e+00
3.581113110847320424e+00
3.614787594343012334e+00
3.639560625005435757e+00
3.647491078813215548e+00
3.655088098211142444e+00
3.683562171533485863e+00
3.702197316178862607e+00
3.710538144327505172e+00
3.747481716431665166e+00
3.878880763283369504e+00
3.917440336220048280e+00
3.972683707841360601e+00
4.014260701004603860e+00
4.032366741593305548e+00
4.113290311001990496e+00
4.125178773400492993e+00
4.135253758427166026e+00
4.138339297933023353e+00
4.212440033828249497e+00
4.229197799046643169e+00
4.230178926203875811e+00
4.286429087520945203e+00
4.367000367960655716e+00
4.372074135666073502e+00
4.383285222364285971e+00
4.403805523375154962e+00
4.417186980216489367e+00
4.431524294336935732e+00
4.556577056910939838e+00
4.684209168381865851e+00
4.754274504572846283e+00
4.770115110436396577e+00
4.805200814216104455e+00
4.818572235645354418e+00
4.849696503709800766e+00
4.859464843379949883e+00
4.866898023461069478e+00
4.891513941088207140e+00
4.915268738073827137e+00
4.955573936613918207e+00
4.959392774388365233e+00
4.965691244645242364e+00
5.012445507568772385e+00
5.043358404653909943e+00
5.071438137986450378e+00
5.147869385144141496e+00
5.167326477316687594e+00
5.167659916216859273e+00
5.176330799127354609e+00
5.194596929096902294e+00
5.203138170174740118e+00
5.214539671446302371e+00
5.321309743626618349e+00
5.336737137225994410e+00
5.389161769550469216e+00
5.451207937796356262e+00
5.456324912606683064e+00
5.462556661345937314e+00
5.471963540651984204e+00
5.498702415068621008e+00
5.533397721324899265e+00
5.551182126732293831e+00
5.570505235115742693e+00
5.587807229746799109e+00
5.626223053532781293e+00
5.660295080374421417e+00
5.701654823616381762e+00
5.709094258171942826e+00
5.749702506512743838e+00
5.784299389444452544e+00
5.800851819264359222e+00
5.856346661394209008e+00
5.947152737981932447e+00
5.990508627745159131e+00
6.017822977390394179e+00
6.021745401732365721e+00
6.046856273529341408e+00
6.059441436735849784e+00
6.066337372065080835e+00
6.082643189543161633e+00
6.082845743105729674e+00
6.116925651459586000e+00
6.171486749087951473e+00
6.173286212051655397e+00
6.176601513603806382e+00
6.177551229807082933e+00
6.183910321599177529e+00
6.208180524666919275e+00
6.281061589278527535e+00
6.303382195317765557e+00
6.350824912695417268e+00
6.354864528636427146e+00
6.474467101974902050e+00
6.498517764206438230e+00
6.509256252186961689e+00
6.559230939786528936e+00
6.573868355855726264e+00
6.702583647355554675e+00
6.707447214454298923e+00
6.721305656739428258e+00
6.727308000903156504e+00
6.744302068308656750e+00
6.747693325943940224e+00
6.751069557501793383e+00
6.778728745920336252e+00
6.835470522953955630e+00
6.862444698521981579e+00
6.946845679676916241e+00
7.005053503327896003e+00
7.055907451615841985e+00
7.061009912874205874e+00
7.078836690774632956e+00
7.126736407536285789e+00
7.127926165427954430e+00
7.146594850681824873e+00
7.219476688421374355e+00
7.224475424717479832e+00
7.234989067514209005e+00
7.249046801152009500e+00
7.318380992403318075e+00
7.323754672901669593e+00
7.343919938430470751e+00
7.345305577647292417e+00
7.366971748418142951e+00
7.414433136917621958e+00
7.472836300809075460e+00
7.532035198126554754e+00
7.661241511207426136e+00
7.689812987192131466e+00
7.703568782671148085e+00
7.724268897857728078e+00
7.876690889508558335e+00
7.888905397447785184e+00
7.906224056196786698e+00
7.949745040079617020e+00
7.949982301976059595e+00
7.964918884164521096e+00
7.969322813588042287e+00
8.001809412865558357e+00
8.024025835448599153e+00
8.031377700439159995e+00
8.034631321305013785e+00
8.157579405727652500e+00
8.173836901634366825e+00
8.174156052604443445e+00
8.179162749639548480e+00
8.198860340780139921e+00
8.221162872825539480e+00
8.270525733154030945e+00
8.284823738799854453e+00
8.309963308857339470e+00
8.333749984521556797e+00
8.351752062734844273e+00
8.361798396088541807e+00
8.377932626998184418e+00
8.398621522193781885e+00
8.513828023363359421e+00
8.546426388006688413e+00
8.565278904567776408e+00
8.573781766774414947e+00
8.588478558279229347e+00
8.596551964267685975e+00
8.684669092973319238e+00
8.692765987512942161e+00
8.713053026486274888e+00
8.720233233899552516e+00
8.725051662530026064e+00
8.774902715187600677e+00
8.777091400660077980e+00
8.826140386681181838e+00
8.885013548897287450e+00
8.941914664215669717e+00
8.981701306050201339e+00
8.987878491990960228e+00
8.997769894423232273e+00
9.026607912098022268e+00
9.037439679267725623e+00
9.079565611605591613e+00
9.096947678947795879e+00
9.104500628443387811e+00
9.198702783306929476e+00
9.215797275795289067e+00
9.278906071380795595e+00
9.335501779130755295e+00
9.390944529005871289e+00
9.423410121064524247e+00
9.426080281730632393e+00
9.477059156652261507e+00
9.499016711930803325e+00
9.503752086456421111e+00
9.511002961615536933e+00
9.521038114481116921e+00
9.524016687417171667e+00
9.552360335401077762e+00
9.559938401232825456e+00
9.605947546419127292e+00
9.636032342133727724e+00
9.660103515414407482e+00
9.698938139902104183e+00
9.729127642129521192e+00
9.782075443856484753e+00
9.797316424844380478e+00
9.843811169899472802e+00
9.847889754288456032e+00
9.867147640299229749e+00
9.915334197319937815e+00
