-1.680638633975791718e-01
-1.031553687581847761e-01
-1.006752585419084106e-01
-7.912776670372816123e-02
-5.781764612362066957e-02
-2.362666398474017049e-03
5.632763074874019837e-02
2.150583976311865042e-01
2.712877890858144125e-01
2.739848063209727735e-01
3.532916340690268053e-01
4.395927683015827259e-01
4.529349632967962225e-01
4.603218349701198586e-01
4.833407109583672256e-01
5.574202764928806175e-01
6.413980887999677361e-01
6.648126354436680874e-01
6.908438154091061101e-01
7.124419771691476999e-01
7.434769259395379581e-01
7.513238893445908229e-01
7.728640621407485423e-01
8.143706394035961083e-01
8.297416887198805213e-01
8.362870700172637672e-01
8.428269854191861032e-01
8.492336899368018166e-01
8.517832290909035375e-01
8.588163857165163062e-01
8.749699075576755636e-01
9.533918084036263618e-01
9.768975861538027328e-01
9.866425639352520705e-01
1.006899920121276271e+00
1.046217394879459750e+00
1.092265205347345169e+00
1.128870955912846696e+00
1.167430849286156480e+00
1.174956135059867846e+00
1.210794918689986455e+00
1.276886537321576309e+00
1.282362979427739136e+00
1.309878297030761196e+00
1.315296993872470122e+00
1.323044051447483271e+00
1.392534401612517847e+00
1.474384455374438962e+00
1.497630350776156138e+00
1.497795291844767229e+00
1.514329665124508617e+00
1.590072094355135190e+00
1.599132395624882852e+00
1.630475105216161902e+00
1.636633562291813337e+00
1.689365673622108099e+00
1.689875569390344445e+00
1.693746143109676305e+00
1.717160905030633122e+00
1.717255551776606604e+00
1.724103621930791697e+00
1.732093582325739733e+00
1.747404643877062735e+00
1.765736783360361217e+00
1.810045535589382082e+00
1.817013240616142111e+00
1.846099840234769696e+00
1.879062058204382657e+00
1.926494917269756302e+00
1.983239027834214463e+00
2.020426273000697215e+00
2.026530071045983483e+00
2.141706108070506431e+00
2.193022122858887535e+00
2.205602519339448175e+00
2.311553349430241155e+00
2.371768243183218328e+00
2.378593978365351358e+00
2.418015454413898091e+00
2.507627071071464986e+00
2.547479224454467950e+00
2.551577454837631986e+00
2.576125511932576106e+00
2.577517097434599780e+00
2.584569521697743344e+00
2.587653497786227330e+00
2.645257158419249244e+00
2.675005946485100594e+00
2.756726841338862144e+00
2.779906217600882190e+00
2.816938780913924578e+00
2.828183120854981247e+00
2.868084130137099841e+00
2.868112963717651898e+00
2.881797246269427237e+00
2.917868679764306084e+00
2.935306907460749404e+00
2.939163708970656153e+00
2.965663433416748873e+00
2.979033103228045931e+00
2.998265904265797310e+00
3.013951836180616350e+00
3.053167241697596346e+00
3.054247650175498485e+00
3.093646639298932577e+00
3.116954602554696141e+00
3.142613851861582486e+00
3.218718165386068364e+00
3.312617408463864876e+00
3.439871383560152651e+00
3.461127403113797296e+00
3.471138038627535227e+00
3.502374600992178788e+00
3.542968370865948735e+00
3.547779546182362242e+00
3.548767019113945764e+00
3.556849993325576609e+00
3.564688726041676858e+00
3.566296732355653809e+00
3.670946399404408478e+00
3.676605475176181859e+00
3.699379275496124997e+00
3.708623362300851767e+00
3.769048691598687384e+00
3.782773560848966099e+00
3.817606144584108741e+00
3.819274057647249698e+00
3.822034421306981677e+00
3.825185097084071728e+00
3.840779166197703098e+00
3.850742548431507650e+00
3.859770105947314178e+00
3.902110018101769384e+00
3.918970206908799270e+00
3.939917114087073458e+00
3.963669790442003737e+00
3.974268553137057403e+00
3.993221597076484386e+00
3.999523711615779575e+00
4.026003040442138747e+00
4.043269002902868614e+00
4.046566872937887638e+00
4.055598888536787072e+00
4.093845576179873547e+00
4.144539557155832554e+00
4.221042430900602049e+00
4.243369461699493250e+00
4.251546784745202423e+00
4.254531568430315325e+00
4.264544559400993862e+00
4.288220219103648922e+00
4.351612419168928270e+00
4.385966189344163269e+00
4.392523397333922830e+00
4.443811512706485445e+00
4.513813476033059047e+00
4.537728521036535234e+00
4.539741493341860945e+00
4.547469219903217841e+00
4.632117445678122891e+00
4.665387552394090420e+00
4.670392926326483618e+00
4.714632565221751115e+00
4.736607792346239520e+00
4.811845221840026277e+00
4.904548300878935230e+00
4.921396207362250586e+00
4.926675919232930134e+00
4.983810989142866354e+00
5.018298526147423111e+00
5.022095782039248668e+00
5.111122169086540268e+00
5.134780573771494439e+00
5.197627160371701471e+00
5.214160379398636636e+00
5.258352614112252965e+00
5.281125822776962409e+00
5.314966956973158574e+00
5.353194642602177922e+00
5.415700434846563383e+00
5.417861061236971310e+00
5.446716076110409865e+00
5.475979853201187630e+00
5.482086913767583169e+00
5.552700985477632578e+00
5.654086848959248179e+00
5.727120007630760234e+00
5.771767954202187134e+00
5.784976769480275394e+00
5.795447961488068067e+00
5.808664978170186899e+00
5.814091873020209356e+00
5.830595253539455847e+00
5.854661698885773369e+00
5.857576410885591223e+00
5.888125210948285115e+00
5.890706104331694171e+00
5.900524000549475900e+00
5.980281202869978330e+00
5.987146410435635779e+00
6.062933976424281113e+00
6.086941774754808243e+00
6.135387181686644098e+00
6.160811111510571259e+00
6.171017083288655058e+00
6.175156625212998129e+00
6.187996690759817398e+00
6.198140327443718789e+00
6.205478100038772205e+00
6.298495882996911988e+00
6.379231691185562880e+00
6.412955838084275939e+00
6.491681637249325121e+00
6.533169754966285048e+00
6.600268252920127310e+00
6.602351592857891305e+00
6.675016886538741367e+00
6.696077613682955842e+00
6.697024153325410900e+00
6.708027039657620705e+00
6.718282394918234424e+00
6.740361715711956414e+00
6.747239759265506009e+00
6.768375149730702312e+00
6.783905918829241877e+00
6.900938237445429557e+00
6.902409159876477851e+00
6.902715536539001384e+00
6.925774768943402826e+00
6.944284216852697256e+00
6.944785722562650143e+00
6.952145952572617915e+00
6.995918252930027670e+00
6.996464166372931892e+00
7.000087379115274011e+00
7.044746336514726259e+00
7.114489821713473994e+00
7.119316784026957556e+00
7.158789185559602863e+00
7.219957933424974605e+00
7.327338009237338134e+00
7.332705598348372433e+00
7.343985729634153081e+00
7.512237808579930842e+00
7.514661232730836637e+00
7.605874589930674112e+00
7.666559089568995233e+00
7.679255473044655389e+00
7.705000000318620756e+00
7.712729115440607686e+00
7.749277903556254010e+00
7.761934034985229047e+00
7.767567882094516207e+00
7.818132233042432766e+00
7.872627670112977150e+00
7.919223798505428569e+00
7.945205676705520581e+00
7.954240177490693675e+00
7.966142159602546791e+00
8.056830466984706618e+00
8.087114587416198930e+00
8.098158841691633469e+00
8.119329926445223222e+00
8.143082113303409031e+00
8.259137147162009640e+00
8.390719183679635762e+00
8.438433527293595304e+00
8.540552025703563643e+00
8.565564872801552099e+00
8.575626267807527014e+00
8.594074130173794401e+00
8.650266484427810099e+00
8.699023102848689959e+00
8.701426879930858505e+00
8.716247867489725465e+00
8.782985296672618958e+00
8.832720632561274599e+00
8.848862536530647915e+00
8.959832588482965932e+00
9.078117180179550161e+00
9.186914989865890391e+00
9.213909141571367201e+00
9.226985819568509939e+00
9.244510679723136448e+00
9.324444693039568577e+00
9.342984011975852709e+00
9.347793290390798759e+00
9.350064030157303918e+00
9.372148681735911424e+00
9.431968715949361481e+00
9.516649727126518243e+00
9.559369754074966252e+00
9.712786599015084121e+00
9.739131809619648195e+00
9.752082152798733361e+00
9.815411769053278945e+00
9.821913000632481072e+00
9.841907107016984568e+00
9.873580979641870314e+00
9.887140347531918394e+00
9.900170242889885230e+00
9.904882864695606415e+00
9.928527492644532160e+00
9.938138033311032515e+00
9.954301430994133781e+00
