-1.805017408002704826e-01
-1.444050641867584694e-01
-1.256172311139132636e-01
-1.145831279841041661e-01
-1.006640948243383016e-01
-3.462774489477687956e-02
-7.696591797064750162e-03
2.070945686101582917e-03
2.377547629134807439e-03
9.850280974358610608e-03
2.024393356766909791e-02
2.862528578314663119e-02
9.659665728266991769e-02
1.220681518411291244e-01
1.306196060416987548e-01
1.711784397631143650e-01
2.584265253522733952e-01
3.436802085599782175e-01
3.592221669234857973e-01
3.812933464004914508e-01
4.532636756438797598e-01
5.059136736215479324e-01
5.178663546642749971e-01
5.264504984249966935e-01
5.464371243000736289e-01
5.810772113719611109e-01
5.865875351510729807e-01
6.041973221184280263e-01
6.702207526588153108e-01
6.710486583079380285e-01
7.308160534027976496e-01
7.489942053434242020e-01
7.606868396584707259e-01
7.899534640130811969e-01
8.082453248009142666e-01
8.577108000276592037e-01
8.711932577993424243e-01
9.104988458661507078e-01
9.713465192476620214e-01
1.087797151834432041e+00
1.095647333245004296e+00
1.112212497570598257e+00
1.143175149354633380e+00
1.167763822065697177e+00
1.184808634038546860e+00
1.224625854793804258e+00
1.241418651245779659e+00
1.283407119746045932e+00
1.296114777732157775e+00
1.296894281124186588e+00
1.321144836144624746e+00
1.335950997003498397e+00
1.337629534859584357e+00
1.408742010824121982e+00
1.409791785148430510e+00
1.431446231316668927e+00
1.481672591913289150e+00
1.494718763353307223e+00
1.516094009138742038e+00
1.528247559242646103e+00
1.569397057680172125e+00
1.580369805298711405e+00
1.611386283119822904e+00
1.625970412190329561e+00
1.656918373224493202e+00
1.661583422514965269e+00
1.723824392396089422e+00
1.724020623761784998e+00
1.750439483954321807e+00
1.845564870147284209e+00
1.903622327696238292e+00
1.905537648481862911e+00
1.912103875017385102e+00
1.943620097732956742e+00
1.967446028199839825e+00
1.987672300034930783e+00
2.065607698218039356e+00
2.066193833819671255e+00
2.142864742665556488e+00
2.148569601425460274e+00
2.152896923650105876e+00
2.195461240333075992e+00
2.225464824976207012e+00
2.285010576069761878e+00
2.338943575925605867e+00
2.425017047842444651e+00
2.430991624965465281e+00
2.440358590102059022e+00
2.480543788624949730e+00
2.544586270128110339e+00
2.559273474602222986e+00
2.693816948704963909e+00
2.694160605641186201e+00
2.754198711912640984e+00
2.845173426376503834e+00
2.848777558498265527e+00
2.944956034194761152e+00
2.945368776951666323e+00
3.006825245326639084e+00
3.039329731193521233e+00
3.150571823250218895e+00
3.158358506030234381e+00
3.203248236687060935e+00
3.219870645203135151e+00
3.275137090047032462e+00
3.323262332634759897e+00
3.345963727870934434e+00
3.363359515132591238e+00
3.422453981180388904e+00
3.430250602982110486e+00
3.447902746176292332e+00
3.493622128864076526e+00
3.505741757396113378e+00
3.537117779174919541e+00
3.541598204755283863e+00
3.572071814087337760e+00
3.593083094472231398e+00
3.630601671880589798e+00
3.665301191697441840e+00
3.695764279613268144e+00
3.730185639673667009e+00
3.750960715615255125e+00
3.833020301500301485e+00
3.837332145147098750e+00
3.840640826891734250e+00
3.861650148025099760e+00
3.893095771657749893e+00
3.930988840166839360e+00
3.959521298898707187e+00
3.976377405052454961e+00
4.004331471104115359e+00
4.082082205301111877e+00
4.096963971321692100e+00
4.107901119815652535e+00
4.113749902972244854e+00
4.212718481331160447e+00
4.255483699357988314e+00
4.255862731468327276e+00
4.271769168623027468e+00
4.279260998536702942e+00
4.309454796434698309e+00
4.320471122496646110e+00
4.321489000211711229e+00
4.363732155092750808e+00
4.371281469579098022e+00
4.396950741479665581e+00
4.513346480854617759e+00
4.534949631017660465e+00
4.547779648597838786e+00
4.646600356496630724e+00
4.658399491198862208e+00
4.673144119003018737e+00
4.767765896996277064e+00
4.771520129377313957e+00
4.776074574855476484e+00
4.793527454239817409e+00
4.863410098422318306e+00
4.874125793826642017e+00
4.878601265076484061e+00
4.893530848757190910e+00
4.909967742722308515e+00
4.982999064954940494e+00
4.986978786896737681e+00
4.987232126757570327e+00
4.988653459757741437e+00
5.044083752061767179e+00
5.055322521047006745e+00
5.079380413444836151e+00
5.117896038444618156e+00
5.123975118950604646e+00
5.124536018426632644e+00
5.174644098500378320e+00
5.201472280649985791e+00
5.301863009332491217e+00
5.402378939864791896e+00
5.420011065585836008e+00
5.460763215127088621e+00
5.464873219528166182e+00
5.517006308232632605e+00
5.524522712186668905e+00
5.524664313884947831e+00
5.534196640219695595e+00
5.601057894116745040e+00
5.617124790856980354e+00
5.637736435885519093e+00
5.649955702653882028e+00
5.654773354684599518e+00
5.657833640771078976e+00
5.659916877547948033e+00
5.696415558623334263e+00
5.709654263693707321e+00
5.801811768986635087e+00
5.868131318996729462e+00
5.892600342652425383e+00
5.914667320096574699e+00
5.963234461724960411e+00
5.974840722206465671e+00
5.993074370584908550e+00
5.993252380045614558e+00
6.030453156159519601e+00
6.082677346384918415e+00
6.113821555011823783e+00
6.124506092675435553e+00
6.161343312613539069e+00
6.331079557704083705e+00
6.383121318483601314e+00
6.386397339624331870e+00
6.414443289483894972e+00
6.830383406555970538e+00
6.895965413475705574e+00
6.899119561450408611e+00
6.935382506587799867e+00
6.957883542679803135e+00
6.970420594402256143e+00
7.007509591915328961e+00
7.028061650306716146e+00
7.095089581483621011e+00
7.103002482781700877e+00
7.238269484007096466e+00
7.288241736324519771e+00
7.290326736464862734e+00
7.298096101881322184e+00
7.309107348503158796e+00
7.309889412858217916e+00
7.314867996644371040e+00
7.391914481346182342e+00
7.405542666267226792e+00
7.467458358631080095e+00
7.475099305551079709e+00
7.483372399239696549e+00
7.691921344562328677e+00
7.721170130832303080e+00
7.730213880573260532e+00
7.763642827575303329e+00
7.794909145213494206e+00
7.822018060969786468e+00
7.860152850763937771e+00
7.878680666789654730e+00
7.882988921448730757e+00
7.883556211117199730e+00
7.938921709975388374e+00
7.954486258412273081e+00
7.963725130263973107e+00
7.982733365675279025e+00
7.987720802093760675e+00
8.025667481259104008e+00
8.070024522125832434e+00
8.126781997212129127e+00
8.185752207410677883e+00
8.201891944492224695e+00
8.210196087899856110e+00
8.237016049320063260e+00
8.258222675358821263e+00
8.300305870431650135e+00
8.326630401810813709e+00
8.350570015348676378e+00
8.417171522247162585e+00
8.418656084967839348e+00
8.442288936761201512e+00
8.449784593474291228e+00
8.475900196788803242e+00
8.498804805468967771e+00
8.546499112713000557e+00
8.550990720923342892e+00
8.556803501873423201e+00
8.575488313804404683e+00
8.584289528017645665e+00
8.614015827406603876e+00
8.650958057714106531e+00
8.656291791878544473e+00
8.666049620135918730e+00
8.675132519442595225e+00
8.676307881292611768e+00
8.712132863108655201e+00
8.746974498983117741e+00
8.775755682944472724e+00
8.778412197777072379e+00
8.829977199826224421e+00
8.831669621384589774e+00
8.879131549845546090e+00
8.965094945985750741e+00
8.968951109201778849e+00
8.970282981019771285e+00
8.977334707664921254e+00
8.982981614443536600e+00
9.000088188749694851e+00
9.015025513156052384e+00
9.035881063366860033e+00
9.036968102473004194e+00
9.046747456522307829e+00
9.109459046790757242e+00
9.115165186955634269e+00
9.127254407174033801e+00
9.168704735584199739e+00
9.170428585139617894e+00
9.182413890458224870e+00
9.189014729828976158e+00
9.208159020490763069e+00
9.413789215079392037e+00
9.463114706617504979e+00
9.484636510047883107e+00
9.613468741945149887e+00
9.634535538790499842e+00
9.637750412953938195e+00
9.663251415091801633e+00
9.677382004424828210e+00
9.713745154731308062e+00
9.733002431551494027e+00
9.788081510141829256e+00
9.821791916864732741e+00
9.835855347247109748e+00
9.911224316529997580e+00
9.956425271125269205e+00
9.961077744177124771e+00
9.972982096843894695e+00
9.973331520972525510e+00
9.974638862306166587e+00
