-1.825915741933529235e-01
-1.758119707816526156e-01
-1.534980488372186536e-01
-1.314803371961335010e-01
-1.106862992133120227e-01
-7.621147340980689855e-02
-7.017883826605908482e-02
-6.124693638432196496e-02
-4.923403414255791977e-02
-3.102656105204484871e-02
-9.676756386514329122e-03
-2.160899915849612274e-03
7.863396241835329814e-02
9.349394518317954983e-02
9.579984157003401668e-02
1.179801596581663281e-01
1.353887751407267248e-01
1.438024237631839730e-01
1.604994223918031482e-01
1.670317398398719066e-01
1.735606756609543999e-01
2.584493416541756572e-01
2.834073031116227659e-01
4.041464477643574305e-01
4.523418104868655587e-01
4.920737306602226968e-01
6.034461809037796609e-01
6.110961387106994547e-01
6.248298680356176860e-01
6.642519437343041844e-01
6.731701112702928036e-01
6.869921712560758120e-01
7.328874027701157701e-01
7.483312637706489578e-01
7.924958795994669902e-01
9.272531665940291212e-01
9.766313400026600533e-01
1.036132276478470837e+00
1.041200434095707728e+00
1.080738305222415541e+00
1.114829890932891976e+00
1.120148621132158739e+00
1.239768943551639024e+00
1.265120126570403736e+00
1.276825068245333705e+00
1.302760323403454379e+00
1.374977202009757038e+00
1.394871196821675596e+00
1.499677716813452522e+00
1.506472065485628731e+00
1.535593878978048110e+00
1.555030532790511621e+00
1.563428263128191498e+00
1.570386426346658926e+00
1.571437931137636079e+00
1.586671810670438720e+00
1.605743023476117415e+00
1.670889902041678976e+00
1.679790575368103722e+00
1.703351977964019826e+00
1.721720735069938613e+00
1.757696272050292885e+00
1.762083197701315385e+00
1.779411246357157195e+00
1.923751739452563614e+00
1.924110672736079719e+00
2.014347092966232822e+00
2.061501002699411611e+00
2.110830648712286983e+00
2.111443139292151105e+00
2.133526454333511957e+00
2.156611617505181933e+00
2.163902521388326061e+00
2.168702278545511675e+00
2.195549248940468434e+00
2.206211169884925827e+00
2.227831784031645501e+00
2.273699352930743878e+00
2.289616959586530331e+00
2.303874322640865113e+00
2.314612948045576601e+00
2.326493088637865636e+00
2.331217662883258601e+00
2.344897636166213495e+00
2.409823699887552628e+00
2.440414081257042955e+00
2.487334534607486880e+00
2.492018163754351701e+00
2.544676022533956861e+00
2.547515933499902019e+00
2.683029881815632844e+00
2.697641649915560880e+00
2.729007640461469375e+00
2.750862029971285150e+00
2.770674391598382247e+00
2.796657170375803414e+00
2.817833029949345480e+00
2.841713629350308246e+00
2.861401577378185124e+00
2.870086810586923942e+00
2.872663696870185301e+00
2.895147287264764113e+00
2.927043492986495021e+00
2.929277416630372333e+00
2.998013916760924324e+00
3.001442350264482695e+00
3.045605535501421546e+00
3.098200390822221983e+00
3.134957117605670085e+00
3.165534980032160384e+00
3.180787368896129674e+00
3.188240848030475583e+00
3.301451720646846777e+00
3.359539258348825275e+00
3.382512048542549277e+00
3.420416004347153649e+00
3.425310981218641082e+00
3.468723349573768822e+00
3.497623844472912413e+00
3.541681477735196371e+00
3.577676888131355426e+00
3.582300600434508375e+00
3.678687865954839875e+00
3.715383173057367205e+00
3.757862632130146263e+00
3.765283321740477085e+00
3.792742864858298812e+00
3.806800466553276863e+00
3.857934708501272070e+00
3.923958638684855060e+00
3.954294590536701293e+00
3.989348177494183467e+00
4.079634948184444276e+00
4.114030113907625186e+00
4.146434396921403476e+00
4.179213425419592731e+00
4.223802508186228266e+00
4.224927929288392114e+00
4.254546859829342331e+00
4.288782509039323010e+00
4.309913465853319359e+00
4.313841562751326464e+00
4.325207329899313891e+00
4.342962466216335748e+00
4.383169899671982783e+00
4.403931157399728846e+00
4.414022610110209577e+00
4.415155317033135240e+00
4.442462452236902060e+00
4.529796691992254765e+00
4.550448997050776434e+00
4.609812973967631677e+00
4.626919241975501862e+00
4.656516970922353060e+00
4.672311842815444649e+00
4.679365018094209461e+00
4.745735957141516081e+00
4.765136993390212794e+00
4.930759694056798814e+00
4.977726977351178306e+00
5.048332816784068200e+00
5.106013190891488307e+00
5.146803473486691871e+00
5.157200376752280491e+00
5.319716046189007841e+00
5.350456407483462407e+00
5.363375160694610955e+00
5.374320502130731647e+00
5.388262041590312634e+00
5.413113610552827915e+00
5.433561267614376966e+00
5.484996338898221246e+00
5.510477877188745488e+00
5.587270741761526160e+00
5.669912417557031681e+00
5.710716054708493417e+00
5.712907784232128527e+00
5.726043741076463967e+00
5.768093792495912808e+00
5.788929887933409013e+00
5.900166798697840775e+00
5.911365856020118770e+00
5.912821903195566442e+00
5.954567918881484623e+00
5.997956545279990337e+00
6.019583996479027199e+00
6.098642841423884242e+00
6.099534847477092292e+00
6.107397612092170469e+00
6.126651158564272670e+00
6.138835314975369606e+00
6.170580167127568849e+00
6.176784483473501730e+00
6.262653334722887877e+00
6.293587257555421921e+00
6.310257464569904329e+00
6.343936181483436521e+00
6.468118872333604052e+00
6.470975799126917671e+00
6.545871688941443445e+00
6.548128077873950126e+00
6.555760845101379353e+00
6.670237516193520122e+00
6.682766056327651860e+00
6.750631684748237937e+00
6.837956126554883163e+00
6.896886398715404987e+00
6.997891186719339629e+00
7.000105150359093642e+00
7.033176005237887551e+00
7.035001534268289447e+00
7.045234350054868422e+00
7.057246038668112398e+00
7.061748821320050773e+00
7.064766306457235245e+00
7.093251050579874928e+00
7.105331640083898392e+00
7.108077492656653895e+00
7.124074027636951634e+00
7.141056103958321799e+00
7.194415257807110997e+00
7.241178929683442789e+00
7.244515313074880503e+00
7.247845139485010968e+00
7.287375103663642939e+00
7.324007687299962654e+00
7.341875665197099998e+00
7.357437983724232744e+00
7.424856529171619535e+00
7.443622361321676095e+00
7.464580385553493791e+00
7.467322981461470555e+00
7.580728964836531247e+00
7.711479873405242103e+00
7.713281716843284563e+00
7.737309978173980696e+00
7.775762639956650624e+00
7.828209818685880172e+00
7.834998642335594177e+00
7.840950871762289331e+00
7.862066142120965218e+00
7.870826710708754170e+00
7.877546765781770155e+00
7.971981432349386942e+00
7.987956005630599599e+00
8.034786128025931617e+00
8.059556553677442281e+00
8.084134477302271193e+00
8.091831356343583082e+00
8.096479211303490686e+00
8.099449925600520572e+00
8.107370127999644183e+00
8.125551107182763744e+00
8.151718722612931955e+00
8.184131189102703985e+00
8.185048684691782483e+00
8.261844925406732543e+00
8.272841412386691573e+00
8.282259251520981636e+00
8.294831608095666553e+00
8.303616389759637784e+00
8.382823774217802892e+00
8.390962052930538206e+00
8.448235688088328033e+00
8.450228765142414389e+00
8.451404574577052742e+00
8.555720749107445400e+00
8.593973560025768066e+00
8.605977472060784450e+00
8.743520138306944744e+00
8.753184206219247088e+00
8.765954671082248240e+00
8.785852135363318993e+00
8.787303354608912542e+00
8.801725732089629162e+00
8.824225479954703744e+00
8.842214283294019594e+00
9.012327482003415824e+00
9.025831126436800744e+00
9.029337064932382972e+00
9.124712809885277665e+00
9.127915239978651840e+00
9.151202798594791687e+00
9.165523260910079628e+00
9.172149812666695823e+00
9.199742089178092996e+00
9.250422311512409124e+00
9.295613799775445329e+00
9.313216763897248285e+00
9.382669987475894757e+00
9.391735012150217443e+00
9.436005957775362774e+00
9.445417357983291851e+00
9.446821767853109009e+00
9.451050154987969520e+00
9.468462488868635063e+00
9.487190772497534397e+00
9.492689112622421987e+00
9.502076756328619922e+00
9.529748433555161213e+00
9.576132090015857301e+00
9.577610501359886896e+00
9.583445584881083334e+00
9.593065932786666750e+00
9.603673249490167763e+00
9.656911294630516451e+00
9.660096102176352062e+00
9.707763565623602986e+00
9.790596031251654452e+00
9.798636320751969109e+00
9.838266823464946853e+00
9.840876286693124086e+00
9.873293721151290114e+00
9.894193971192949633e+00
9.958531455790492259e+00
9.990879346308995324e+00
