-1.514543240681950065e-01
-1.358473398317114889e-01
-1.108720011952647466e-01
-1.022499608952875949e-01
-2.552024083135889798e-02
-6.804704625253760186e-03
-4.298835497472314193e-03
4.392663269016494620e-03
3.411951179294750447e-02
3.589508889567563643e-02
4.760601386484977771e-02
6.873452011861763689e-02
7.979633710076677877e-02
1.414027768293082410e-01
1.529649502599682576e-01
1.905123932017496746e-01
2.236395225843251788e-01
2.458148780236578679e-01
2.640546576908636145e-01
2.730164605632529051e-01
2.757952256466932317e-01
2.806280124919894314e-01
2.840936111322363566e-01
3.310660801075825943e-01
3.656490063482146780e-01
4.376189049396154718e-01
4.719452031629851052e-01
5.626246455960384196e-01
5.643676098598009450e-01
5.756601382922796883e-01
6.104713137342803186e-01
6.295177693243416694e-01
7.199048247249781873e-01
7.551991772123489710e-01
7.699869524809237475e-01
7.828067937728697689e-01
8.107981356381099847e-01
8.297396295501184849e-01
8.406219011101929706e-01
8.556445821078031422e-01
8.674117962308007801e-01
9.417777849124240319e-01
9.706510616269219405e-01
9.976722596880502891e-01
1.015008401620533407e+00
1.037542770382448687e+00
1.044589815924185983e+00
1.139899450888969046e+00
1.178832923840777314e+00
1.229660512101336645e+00
1.257789322267558019e+00
1.292279372691702344e+00
1.299232979142978639e+00
1.329837072143746912e+00
1.360288523656935533e+00
1.361324364563018641e+00
1.397409008727656277e+00
1.411633560250567188e+00
1.484392349791209265e+00
1.490259798500873201e+00
1.524509698368217814e+00
1.543634396246158280e+00
1.543936880434935599e+00
1.544573757879708076e+00
1.546974023201580728e+00
1.550926047233942340e+00
1.602908050090144698e+00
1.605114354297048962e+00
1.608019006852891675e+00
1.616887854355717247e+00
1.634755436729946831e+00
1.708044432230058085e+00
1.738333824677291695e+00
1.785035982792447129e+00
1.825084482729375734e+00
1.843586520545060337e+00
1.962188646834334582e+00
2.009633847142820340e+00
2.019361716439488585e+00
2.115300415577548776e+00
2.148780530635146402e+00
2.180185077592065479e+00
2.235185645141226196e+00
2.262521662802741140e+00
2.266422741213083292e+00
2.273704693368612251e+00
2.279229469245515283e+00
2.307544520585042669e+00
2.400430648364414221e+00
2.471808802281335815e+00
2.570702617305485660e+00
2.629636246902734342e+00
2.632063662332024379e+00
2.650171632789719567e+00
2.693175599328046399e+00
2.742212649179992745e+00
2.756218385981530794e+00
2.825140803842104198e+00
2.825603131311679839e+00
2.871935538577111924e+00
2.901363862195109888e+00
2.903225499393295994e+00
2.964139027510487523e+00
2.966696096890079293e+00
2.992509105591981911e+00
3.041411339247392487e+00
3.050793824036349022e+00
3.076356592031635362e+00
3.085824455308299630e+00
3.096392501569039446e+00
3.159075970119207266e+00
3.204420457908792930e+00
3.275622334806855829e+00
3.307498732132195141e+00
3.308188060582750278e+00
3.355558293666892400e+00
3.360436963046333325e+00
3.385775375393705211e+00
3.430772016900092147e+00
3.453535254862134529e+00
3.469547599744581490e+00
3.470535358412800253e+00
3.503433525155456696e+00
3.555158435992952004e+00
3.623395997866154516e+00
3.633442807775035810e+00
3.634837387206585113e+00
3.678551017348877128e+00
3.760433366999745619e+00
3.763775133734168499e+00
3.879816334000270039e+00
3.900200192762331319e+00
3.974278327826951340e+00
4.012358956281621758e+00
4.153125126558673941e+00
4.187036008347851279e+00
4.222718583548721760e+00
4.287873719464225353e+00
4.301509312519407047e+00
4.391138154394402804e+00
4.433949039522351754e+00
4.536872823736224802e+00
4.547701878220542504e+00
4.565426724005531511e+00
4.573523835556623673e+00
4.594136276713316924e+00
4.615732308207592283e+00
4.651785942295761700e+00
4.661773311764073391e+00
4.679046134807053114e+00
4.724816146171717968e+00
4.792856812022041169e+00
4.805261156914180098e+00
5.009828043926566998e+00
5.036444290158891945e+00
5.055214994303254272e+00
5.058241988764296870e+00
5.068647004557558233e+00
5.149332332253581335e+00
5.155602024249001047e+00
5.269104529235746348e+00
5.269303261645960745e+00
5.348915057236808046e+00
5.357498925475153939e+00
5.371955046272529621e+00
5.451284496424902315e+00
5.482203061525130039e+00
5.546076961658527260e+00
5.561162794223258210e+00
5.563714996358793741e+00
5.568581286381913742e+00
5.629542926941750736e+00
5.639019853288115947e+00
5.671719310794905766e+00
5.671760810219794280e+00
5.714444720022175517e+00
5.801395590790710877e+00
5.839756226725611121e+00
5.848838815190624096e+00
5.872974860793379825e+00
5.896760812027925347e+00
5.911447186777556873e+00
5.973582321994472366e+00
5.975976162587639529e+00
5.987985026430136415e+00
6.004995347764672253e+00
6.056611048932995622e+00
6.064456277830053033e+00
6.068710242103529495e+00
6.080669965604106331e+00
6.101823290382911047e+00
6.102099513308097301e+00
6.130371145497929497e+00
6.146836582110285718e+00
6.242385064699949915e+00
6.246310956718973628e+00
6.259509974103342422e+00
6.273075800446737738e+00
6.282147926235753133e+00
6.287135566836600908e+00
6.339247275502409629e+00
6.528973187297472336e+00
6.555016263737175386e+00
6.564349155313690787e+00
6.710921956632689422e+00
6.724283423801031390e+00
6.766437929398033901e+00
6.782427585178175455e+00
6.820374985064265871e+00
6.840819915593011835e+00
6.855742610632583833e+00
6.961215438624207330e+00
6.966142080996931440e+00
6.973853530458736572e+00
7.009465123072079251e+00
7.031421728675526950e+00
7.033572499518720988e+00
7.101668881323993432e+00
7.140962128761382033e+00
7.159201686363425132e+00
7.227291132959368092e+00
7.248138800026371342e+00
7.292187279223155016e+00
7.368450257882413368e+00
7.479948232541890896e+00
7.497303653899012765e+00
7.500816857011527006e+00
7.504321412899571442e+00
7.527017016870712673e+00
7.540878495214781374e+00
7.555163123426746452e+00
7.564701607560010643e+00
7.602500675861310953e+00
7.652221392086246077e+00
7.757175990628624618e+00
7.810660410181358593e+00
7.815611918262404423e+00
7.845653516486494006e+00
7.858528860538149807e+00
7.882533784262354182e+00
7.890344109032082720e+00
7.916582544841756608e+00
7.927694186865015702e+00
7.967757223671172007e+00
7.968855938608323974e+00
8.011524110600502624e+00
8.074896494365830790e+00
8.083020615273175835e+00
8.096058231777607972e+00
8.110098003387268051e+00
8.140280154116400269e+00
8.156518100829067919e+00
8.171524883104218873e+00
8.180635650012130000e+00
8.195323255632997572e+00
8.215225525910854643e+00
8.314371086671851430e+00
8.330198546009787819e+00
8.330331996280488482e+00
8.396628541600160034e+00
8.404031255119889465e+00
8.441260438542673938e+00
8.489001593393085798e+00
8.504107750460452309e+00
8.506806129489731916e+00
8.510118190108235225e+00
8.518634561816712747e+00
8.544639533074244397e+00
8.567928020597117111e+00
8.577411403873073326e+00
8.579096054675764194e+00
8.604753488696502473e+00
8.618693400775818247e+00
8.623547287530522354e+00
8.647414756705190442e+00
8.687159940640938771e+00
8.704150210060516812e+00
8.798949506649378804e+00
8.802570131460210945e+00
8.863160349377846359e+00
8.906791115388573488e+00
9.004532959956831561e+00
9.051546501694506475e+00
9.100734829534131265e+00
9.116364629008867126e+00
9.202198094750356105e+00
9.241864832225838100e+00
9.258998507404758271e+00
9.280918416462821341e+00
9.354164373159099100e+00
9.357527933812878729e+00
9.386683176334571499e+00
9.405014454878930508e+00
9.490090490904567133e+00
9.516766094930387609e+00
9.537898398446547077e+00
9.540459877323456794e+00
9.544549803056266768e+00
9.547129385808689861e+00
9.588938569615264029e+00
9.591813265645907194e+00
9.654611526217465212e+00
9.677979713214030610e+00
9.761369810633425459e+00
9.851268501205138861e+00
9.898263547960743480e+00
9.909322598481240973e+00
9.913857821123354341e+00
9.923066757890051548e+00
