-1.701075304288396650e-01
-8.730874579567923788e-02
-6.766745312552716052e-02
-5.378874942026729000e-02
-4.069998071839520115e-02
-4.119864213304846867e-03
7.073020723860068415e-04
4.238558237075099044e-02
5.003553290865153658e-02
8.318618167486496739e-02
8.683085427889492003e-02
1.640156488217713315e-01
2.977717914910135710e-01
3.340343708425516644e-01
3.625258977271015870e-01
3.671985072762387614e-01
3.840834540085244497e-01
3.921397764104126993e-01
4.563699850835951088e-01
4.615914045682557032e-01
4.726490503405131327e-01
5.366440493231798836e-01
5.387867187180654938e-01
6.017238402084315041e-01
6.159634733343308799e-01
6.395252883428581558e-01
7.074645236377234969e-01
7.118887413536383324e-01
7.436531540068891388e-01
7.791320415955838019e-01
9.223080991742844681e-01
9.277297563220767707e-01
9.670545964579031484e-01
9.939591070033642062e-01
1.036167808578853045e+00
1.061107265832945235e+00
1.117983179201156529e+00
1.165606517930786401e+00
1.240590046802806823e+00
1.313966061400767327e+00
1.319309937362888929e+00
1.322564179175213850e+00
1.429477406262538830e+00
1.487535757164219374e+00
1.520449131146125676e+00
1.524421012497688910e+00
1.584345986788631366e+00
1.606619145624080813e+00
1.636338962005454034e+00
1.647067349406005299e+00
1.724637284611461485e+00
1.788076684236886482e+00
1.841942510612463169e+00
1.863027459352000426e+00
1.871723914406569156e+00
1.915451376272049311e+00
1.989180533942420892e+00
2.024583345381141708e+00
2.050952547067381282e+00
2.051463345957508011e+00
2.196406060541713057e+00
2.280877448368805460e+00
2.288490301907994962e+00
2.302970376117147389e+00
2.318165833035417123e+00
2.320540499762544062e+00
2.476617478658371674e+00
2.483569145486729468e+00
2.519965221647694875e+00
2.555810871036214849e+00
2.569509116154612638e+00
2.624748714474238298e+00
2.690753100847426804e+00
2.782765855426848844e+00
2.786605849541418323e+00
2.809421225003848388e+00
2.831067706247235360e+00
2.903563810915574361e+00
2.904149820257982739e+00
3.031245909387432658e+00
3.120824184629047870e+00
3.167858555684908151e+00
3.212456672134813118e+00
3.259458410625326596e+00
3.405572699634309863e+00
3.436858666264885898e+00
3.456982095428013935e+00
3.458503962282565514e+00
3.520292012490490841e+00
3.521413922412945485e+00
3.584802690734191000e+00
3.605331248262226840e+00
3.611859950156949495e+00
3.618197802535830565e+00
3.622449000780072925e+00
3.674581468261424178e+00
3.685633237665185025e+00
3.750402501120857490e+00
3.768287123349143286e+00
3.792420579614235177e+00
3.884407335077155743e+00
3.975470654386882963e+00
4.007016875300159597e+00
4.138700574048763237e+00
4.225764301937562806e+00
4.271052118151543731e+00
4.275091662053144503e+00
4.279041071447905686e+00
4.302287029144109098e+00
4.328727546077693056e+00
4.415462296046983148e+00
4.503366372567035647e+00
4.545310503343399589e+00
4.565257915301284442e+00
4.568235872244199136e+00
4.594293617105493333e+00
4.679613659643908186e+00
4.737339613621122325e+00
4.760764700020642337e+00
4.780451844604873379e+00
4.787344612076608996e+00
4.792845817205283687e+00
4.792914124432010148e+00
4.794742221851158170e+00
4.808821621623336817e+00
4.832576000899478252e+00
4.878120084047027127e+00
4.882301269823221546e+00
4.976663544293618457e+00
5.035679984460608161e+00
5.087161560717496478e+00
5.099481027094702412e+00
5.102137222354751422e+00
5.118447158780492501e+00
5.134630730634903273e+00
5.149915470561008846e+00
5.231907980415855697e+00
5.283790796441993898e+00
5.307401822686546922e+00
5.318761371753507383e+00
5.341806973413151916e+00
5.382701928093354127e+00
5.411364437885596956e+00
5.430233598343598977e+00
5.500463049319082920e+00
5.526770342819176562e+00
5.569921549305858477e+00
5.593883440088369241e+00
5.670553720428282318e+00
5.733655023034813780e+00
5.844689363362203238e+00
5.872152330817379529e+00
5.877730746490035685e+00
5.955543516733450282e+00
6.051417258521073705e+00
6.052002713945753065e+00
6.117922065636980378e+00
6.131948282478896672e+00
6.170500237565515356e+00
6.173657704711978056e+00
6.263756021075671754e+00
6.351266652213946706e+00
6.399344161253772256e+00
6.418028789657932442e+00
6.447981636050250209e+00
6.463322618041511980e+00
6.543414724613208833e+00
6.569867364233979323e+00
6.589677277526682531e+00
6.597760451353801514e+00
6.602053068169065675e+00
6.602702013567073536e+00
6.605326064260895969e+00
6.622594849820499618e+00
6.640018521561861675e+00
6.651997718886273780e+00
6.675679196798735227e+00
6.707918172356960085e+00
6.770872264105180172e+00
6.805031223552459707e+00
6.826093346203802703e+00
6.876657365525800536e+00
6.877787851027881594e+00
6.923197250412171044e+00
6.945452485017217015e+00
7.004188992968126470e+00
7.025535555434164969e+00
7.105089414903049239e+00
7.217684186886372366e+00
7.234984919785123481e+00
7.294499033928456555e+00
7.357783791496119719e+00
7.392561050363582353e+00
7.446782605083686057e+00
7.469354018556846775e+00
7.491975563849463171e+00
7.519409429417398982e+00
7.546642410587160121e+00
7.734336215083668975e+00
7.781609375891221703e+00
7.788201889882293116e+00
7.790190384503043575e+00
7.797352582850524350e+00
7.806902710658337519e+00
7.815934968402380001e+00
7.839219956340788720e+00
7.857520525308134829e+00
7.917782309239455252e+00
8.019381796532961459e+00
8.035152634805847072e+00
8.038618767509417395e+00
8.043165320201408619e+00
8.079868706837554981e+00
8.094939481145953408e+00
8.202263710740078650e+00
8.207500494807515423e+00
8.252047863747566936e+00
8.430280462667916197e+00
8.433619035212890580e+00
8.436951085411561024e+00
8.456231524035427327e+00
8.461877288527128727e+00
8.523101497836872653e+00
8.525007484513702494e+00
8.558100916949967996e+00
8.579802852019398074e+00
8.585419754909993983e+00
8.599052957933325914e+00
8.641725331656740394e+00
8.664687473798821316e+00
8.798341395231247475e+00
8.803971023716554711e+00
8.823840089087484628e+00
8.880810783356039906e+00
8.883410024275958605e+00
8.891663884617079461e+00
8.913566868653877151e+00
8.953179969785397319e+00
9.035819943121072839e+00
9.107211103823463105e+00
9.141362785442398220e+00
9.149366537420137391e+00
9.418917468840124485e+00
9.442419351317381526e+00
9.459248320622798190e+00
9.472113505133364697e+00
9.492940742225425055e+00
9.500078653324772304e+00
9.507421186898513454e+00
9.513422458948749494e+00
9.534147026733426955e+00
9.669326022191979675e+00
9.678621536766501166e+00
9.766769850074519255e+00
9.786587247649935151e+00
9.810422279675632851e+00
9.832603965290786618e+00
9.839316377176972495e+00
9.852331449617748760e+00
9.866823497476268301e+00
9.867500128412256544e+00
9.903258851960551112e+00
9.905448195694328106e+00
9.907995774562985858e+00
9.931412818292729483e+00
9.931520532540979218e+00
9.939100978579151757e+00
9.987008658032124231e+00
