-1.744665408814861374e-01
-1.146226410903336546e-01
-7.600520327286965083e-02
-7.291958829483133342e-02
-3.337896236204895839e-02
5.179631220868202712e-03
1.087904512409408886e-01
1.323065410347407100e-01
1.793258682693932848e-01
2.769094292977052341e-01
3.221976454918111243e-01
3.952260539595276456e-01
5.558616845605879320e-01
5.771247727100161651e-01
5.834954048919676062e-01
5.854777299666917845e-01
5.951647300310118904e-01
6.010545228312671462e-01
6.451432082800296897e-01
6.872761148339792125e-01
7.394279559845817751e-01
7.514233765124114228e-01
7.515595135112482783e-01
8.028003815080675398e-01
8.089534103549025357e-01
8.405953211880534681e-01
8.430784443661418770e-01
8.445691422757386491e-01
8.915169632653903165e-01
9.076269520520865441e-01
9.187076710831019177e-01
9.624782193017762388e-01
1.029501685033866298e+00
1.071907464102999308e+00
1.089394684883403519e+00
1.092877408860164046e+00
1.132159342744955666e+00
1.136419443381446515e+00
1.147997968169025329e+00
1.181734449649224805e+00
1.212825426764359893e+00
1.290087095494137692e+00
1.303599043267930302e+00
1.344557751201703955e+00
1.346281762901461843e+00
1.357773587556441619e+00
1.364595313312543690e+00
1.414452210393717824e+00
1.435621454694964383e+00
1.495627821334471586e+00
1.497300984673965552e+00
1.554755454746782339e+00
1.636616592551411564e+00
1.638155740641687119e+00
1.638217718728143035e+00
1.754196798684264369e+00
1.758439209985844354e+00
1.789205628613579568e+00
1.897800500976756899e+00
1.936784577232131932e+00
1.937386951174381755e+00
2.031306311634194728e+00
2.117980240218533705e+00
2.118782712725877371e+00
2.119300296869367717e+00
2.128481675207238411e+00
2.341495929657467556e+00
2.393353795356375269e+00
2.442513218428234101e+00
2.456686595222298042e+00
2.481292691761280089e+00
2.483205555948734045e+00
2.492183424610239673e+00
2.511074695046333627e+00
2.512404549848774593e+00
2.525474699956219649e+00
2.556311051216328067e+00
2.564550269851265440e+00
2.572425949808659240e+00
2.573495467686190086e+00
2.599069401665195400e+00
2.601962082408644683e+00
2.616269921798903830e+00
2.642411243324974901e+00
2.657758106716987534e+00
2.665444697815155362e+00
2.682876130699412442e+00
2.697367324151308310e+00
2.725781242408286342e+00
2.736027181121557295e+00
2.747183902952181178e+00
2.767515140397966089e+00
2.831040511858563757e+00
2.883278548736340596e+00
2.902997474803008959e+00
2.909128542771726167e+00
2.956824903708549890e+00
2.989852233965134776e+00
2.990229602224776073e+00
3.014958642174331960e+00
3.042234341833497613e+00
3.089265007084615711e+00
3.089659349263943700e+00
3.125581968186199155e+00
3.146727324003910642e+00
3.184650217546255657e+00
3.215734276564014227e+00
3.245888252718752920e+00
3.255021452360120637e+00
3.279977348288517724e+00
3.299904455415083149e+00
3.303928050053474674e+00
3.321719175693579107e+00
3.332551749687208797e+00
3.340588736099258327e+00
3.340632851409078174e+00
3.384751301136591284e+00
3.435277701726400679e+00
3.459672227282569068e+00
3.464860186115175544e+00
3.518150809234084964e+00
3.643705535852346244e+00
3.697810867980456440e+00
3.726209963072566467e+00
3.736574218243039258e+00
3.801620946082937103e+00
3.842241345020203980e+00
3.850601004340968636e+00
3.851534935863699438e+00
3.859993190411673325e+00
3.884210475793190120e+00
3.925483204492994815e+00
3.971967151739633550e+00
4.056472030041185839e+00
4.119662529139762164e+00
4.121744308670348467e+00
4.173800420841141445e+00
4.179128009973886115e+00
4.252793473372819655e+00
4.264024868342730201e+00
4.336674302758536825e+00
4.354845890782031326e+00
4.364664748721843068e+00
4.412648163510569432e+00
4.445177347597330630e+00
4.477754785733204734e+00
4.485917124562334379e+00
4.489984443496027211e+00
4.497436228533847391e+00
4.537988353105740558e+00
4.571899380333870333e+00
4.636851997592509989e+00
4.665706475141070619e+00
4.740961952281439018e+00
4.758253269711588018e+00
4.773699141381538169e+00
4.830263886260044437e+00
4.866707736028811127e+00
4.873841989296399113e+00
4.898919410237807526e+00
4.961370907600217706e+00
5.065211082789086383e+00
5.106178173976895884e+00
5.142982553166534743e+00
5.177181889095560763e+00
5.224119106256509326e+00
5.238490766227585915e+00
5.272946045280567873e+00
5.294244904507917404e+00
5.308636909615937149e+00
5.313531945982763460e+00
5.325045027545058929e+00
5.340654396435485118e+00
5.367224184286073729e+00
5.375966976352451354e+00
5.378685575090507598e+00
5.444291565198694727e+00
5.483031415189749680e+00
5.485594191037955092e+00
5.540930499834542999e+00
5.600118622319956607e+00
5.609069038504314264e+00
5.629322619224514490e+00
5.636907738641805388e+00
5.651677139443491704e+00
5.681029425095843521e+00
5.747471440655011143e+00
5.770355715516966022e+00
5.779915248484646106e+00
5.805525785897939883e+00
5.849608706305047257e+00
5.855890271119432278e+00
5.866533792330689501e+00
5.884797064693704449e+00
5.950541065247545447e+00
5.990484915193500903e+00
5.993244842919688509e+00
6.005007916101267718e+00
6.018610003332128144e+00
6.024193429766800278e+00
6.042436296845673738e+00
6.051154942667001713e+00
6.069529383053605898e+00
6.110294400134026915e+00
6.120242247663189694e+00
6.156069529838684495e+00
6.183372524859942487e+00
6.201950391931502438e+00
6.227745820739778893e+00
6.242783715466377892e+00
6.243158470538705984e+00
6.264401630755520145e+00
6.268702902739602401e+00
6.340080637818807929e+00
6.345617586863573578e+00
6.404996470266731912e+00
6.406285722217299750e+00
6.415774861934588458e+00
6.429815081071645899e+00
6.452065709841069641e+00
6.462900071236210131e+00
6.479220830186153357e+00
6.514514979260890293e+00
6.520230840603100653e+00
6.569120400411923022e+00
6.647142158017397939e+00
6.703818465586469877e+00
6.770822230647152828e+00
6.786647866304250876e+00
6.790615251112678052e+00
6.924323873675445995e+00
6.954203159358836039e+00
6.970673528543668951e+00
7.003372034462802986e+00
7.045162350603818346e+00
7.083235368099972895e+00
7.134728627698860848e+00
7.161934553968936079e+00
7.184167010092604500e+00
7.248932434628923893e+00
7.287637660992677624e+00
7.299666142450325523e+00
7.310414707630575215e+00
7.323905353047984512e+00
7.332113021587382207e+00
7.359076104035099597e+00
7.386616485822239397e+00
7.390336392611295935e+00
7.393634488188856047e+00
7.496418895688252704e+00
7.516178824826751814e+00
7.538835619615940509e+00
7.556782551178248042e+00
7.564494304565158700e+00
7.587258365689884876e+00
7.633254555020195120e+00
7.851568859546914858e+00
8.011952517786903982e+00
8.023401649083432119e+00
8.077736974528784586e+00
8.079450934992074451e+00
8.092644014381916051e+00
8.116610202447468225e+00
8.195243865406190764e+00
8.316020343707609896e+00
8.378613293174359100e+00
8.394890568103372530e+00
8.407938270999874675e+00
8.493167254605415550e+00
8.515637636210183103e+00
8.549828798886649039e+00
8.613862270447036451e+00
8.614008667108082662e+00
8.840144059386021880e+00
8.860038210454534990e+00
8.864185429418132145e+00
8.901643236170821538e+00
8.999472925235776799e+00
9.059598135458454493e+00
9.067436984591875415e+00
9.121605893546714583e+00
9.126130526106534191e+00
9.142184413449355063e+00
9.206336589984875474e+00
9.225046205395296184e+00
9.281241717106512468e+00
9.310565331806346379e+00
9.331407720875651179e+00
9.357308654969063610e+00
9.404267395170585075e+00
9.417227776035337783e+00
9.463100384079551119e+00
9.479602305047260202e+00
9.514375279222127446e+00
9.642170619129469600e+00
9.690181459756022520e+00
9.727706839393626126e+00
9.732391054082622617e+00
9.825162183596951593e+00
9.901292807348982095e+00
9.904382450295166507e+00
9.928852370268785421e+00
9.985292556978636824e+00
9.990159992616376883e+00
