-9.275322374072580978e-02
-6.273497835437702452e-02
-4.813181180856179742e-02
-4.737703151617450592e-02
-3.767480526279398667e-02
-3.118003458110013559e-02
1.023761610234977248e-02
4.781956822913838168e-02
9.766796650553993819e-02
9.907709809632370135e-02
1.541067057894280334e-01
1.683653933309132156e-01
2.313244394641636448e-01
2.374564505929144809e-01
2.574191215882715711e-01
2.614644826173092573e-01
2.939150172887587953e-01
2.981944759743263007e-01
3.022971416807779810e-01
3.488751104294602334e-01
3.609204604581850995e-01
3.991295872136702561e-01
4.164437542607623555e-01
4.274345839590121821e-01
4.636050065302102507e-01
4.707537577377999827e-01
5.834029781281662164e-01
5.891633421890325462e-01
5.971638763954432161e-01
6.237643655478988247e-01
7.322828741546629772e-01
7.334786760421467822e-01
8.034255266879362090e-01
8.932349956019300929e-01
9.277598519530525500e-01
9.482027349034338748e-01
9.813910718211791284e-01
1.035476730216028596e+00
1.059810945423195205e+00
1.090075408189863815e+00
1.111574186076170090e+00
1.130006500999149566e+00
1.209923468366328025e+00
1.236720670586407334e+00
1.290009924654961670e+00
1.334188952025897601e+00
1.339103558312876530e+00
1.389246918675456133e+00
1.390476753098955687e+00
1.427354921823806411e+00
1.435655114209577032e+00
1.449226680220746521e+00
1.494823694776168166e+00
1.705668469949185528e+00
1.742175222216444608e+00
1.742591063974586518e+00
1.805780612879089420e+00
1.895222654789484595e+00
1.955695116998343641e+00
1.978173733602670348e+00
1.987890148630049536e+00
2.033167191172008170e+00
2.064626308981540870e+00
2.066952014512794644e+00
2.117519691961025519e+00
2.146088839669323622e+00
2.156064183708320314e+00
2.184320299271146126e+00
2.214094801957795955e+00
2.223842118957983782e+00
2.224909359796090946e+00
2.266244848976650239e+00
2.281369475159212623e+00
2.322846804156831535e+00
2.326528987452150865e+00
2.341676078645226866e+00
2.350225569738930709e+00
2.356938896421644003e+00
2.365036597077704972e+00
2.371195066621319736e+00
2.496089043134026131e+00
2.574024042937063328e+00
2.575248450639379794e+00
2.610966685604225734e+00
2.648163487257998661e+00
2.650603955065915951e+00
2.652870129489260709e+00
2.669173166482186943e+00
2.682479836132107831e+00
2.715984263204819449e+00
2.731145186164205985e+00
2.770124738402894859e+00
2.777359932233796957e+00
2.783813411529972193e+00
2.805428714161169790e+00
2.826042542506388866e+00
2.837582846693487593e+00
2.838104953604539737e+00
2.893465360385921503e+00
2.969478334081537607e+00
3.081075768975013673e+00
3.112516393281110183e+00
3.122977779895839578e+00
3.167273437236323819e+00
3.190730953398089653e+00
3.236731553095661962e+00
3.296961616167031650e+00
3.302424149845103685e+00
3.372786167688888614e+00
3.427321259577241541e+00
3.460696354784587481e+00
3.500997327737233267e+00
3.512077674824747753e+00
3.654429537073716538e+00
3.675942619927222488e+00
3.701772165146277604e+00
3.752786413091502737e+00
3.822315095750865588e+00
3.833326300111433049e+00
3.854866501478147356e+00
3.883172209946973652e+00
3.883931025072704379e+00
3.975737304579159748e+00
3.983632480690219246e+00
4.014624543497778753e+00
4.047132226771095631e+00
4.054645390573874408e+00
4.083781834085239204e+00
4.124533426337071873e+00
4.137537443062379694e+00
4.160244771963136579e+00
4.193257336463325657e+00
4.229390185678514769e+00
4.256651465034679838e+00
4.294992905651755954e+00
4.315081999302847748e+00
4.377423871806848332e+00
4.380727681679322139e+00
4.416939643477184596e+00
4.441507329207019517e+00
4.478710933473659672e+00
4.496362740758478083e+00
4.499799530677455195e+00
4.560022668034969584e+00
4.698267445400417408e+00
4.704976486313316997e+00
4.735779474384023580e+00
4.737868418137130888e+00
4.751380024897694732e+00
4.755243329157892163e+00
4.761495562683645488e+00
4.784883984856603156e+00
4.787071941536742870e+00
4.795095893052051750e+00
4.806906590062071771e+00
4.812562344290003402e+00
4.874742128985459111e+00
4.951473292321833419e+00
4.983611549291709686e+00
5.034832257332552352e+00
5.075377805780402873e+00
5.076409787831450693e+00
5.128124085947925792e+00
5.156331542467058604e+00
5.175695161144504119e+00
5.206108497993171547e+00
5.243135071564818617e+00
5.248631571823139552e+00
5.335309769172870809e+00
5.340775765017960808e+00
5.362922128141486056e+00
5.366914518027438241e+00
5.370854523467572861e+00
5.373204498218150604e+00
5.392848235066576734e+00
5.460902238946157894e+00
5.494358003788383016e+00
5.500425770968613293e+00
5.524732189715948927e+00
5.528342667586587211e+00
5.549334324180583700e+00
5.550797817369666376e+00
5.559094912551520551e+00
5.588254150164066125e+00
5.644089490083478822e+00
5.647895921182938039e+00
5.648059945721663588e+00
5.686804523707792214e+00
5.753541053107277037e+00
5.765347793072292504e+00
5.806721763141028170e+00
5.813444255096762880e+00
5.840491201586268666e+00
5.842198647154244640e+00
5.842538299950874148e+00
5.864352844437622281e+00
5.872865414979944632e+00
5.872958612694294089e+00
5.896911354451899179e+00
5.900724902084603762e+00
5.973439042657654241e+00
6.137718346512927248e+00
6.194588386252794621e+00
6.313454099320955137e+00
6.346905479309944198e+00
6.414313154729283539e+00
6.414558218351337437e+00
6.527551414366057791e+00
6.575659715915998405e+00
6.588448265156230832e+00
6.636118273803414347e+00
6.641025317393354221e+00
6.676827204112657732e+00
6.695532409877037239e+00
6.745725042906581592e+00
6.886339514803010431e+00
6.887045573977726320e+00
6.918907418575056312e+00
6.956689053131752232e+00
7.036833249346671870e+00
7.071576197789471330e+00
7.081358744611734757e+00
7.085824257098738421e+00
7.107045999816243409e+00
7.115998686775783177e+00
7.122197421058476863e+00
7.190461596061707539e+00
7.222285074038110153e+00
7.287635998198432219e+00
7.385084969296699775e+00
7.385791263332336598e+00
7.399164654715335132e+00
7.485096156797289346e+00
7.487242358205567605e+00
7.542895365629192383e+00
7.559182621414775483e+00
7.564854133490551469e+00
7.588326620276774293e+00
7.730429974124527703e+00
7.731318935516600988e+00
7.767825747689276916e+00
7.867514876101233234e+00
7.890856942442924016e+00
8.023461329099733419e+00
8.030157269713162904e+00
8.038505669603170034e+00
8.066028587271265593e+00
8.111334488193609360e+00
8.123952134283916493e+00
8.222535556442929661e+00
8.225652517090269455e+00
8.305901107121927751e+00
8.367584981478620065e+00
8.372391095193387756e+00
8.374964233055132823e+00
8.379416578110330249e+00
8.382888545252365375e+00
8.394588295985572657e+00
8.424330729290936404e+00
8.466369027127454316e+00
8.478946067468303482e+00
8.529323136269931993e+00
8.542587354632233954e+00
8.584297676028832313e+00
8.595735068531666911e+00
8.606737779527959376e+00
8.615518046474095470e+00
8.631191104046468610e+00
8.633863026583188827e+00
8.697036938286659691e+00
8.712825092042386643e+00
8.734872604769112314e+00
8.763756395522205977e+00
8.814350796911345043e+00
8.826307521551896684e+00
9.008759636486336930e+00
9.040569534636729188e+00
9.101342506128649035e+00
9.141006422153781230e+00
9.179268501094817623e+00
9.186472613604040660e+00
9.190897614356137169e+00
9.226386942680626646e+00
9.256687647908155014e+00
9.266093762428075920e+00
9.275198063894505296e+00
9.292788698749363974e+00
9.357589580525457862e+00
9.459217288117681477e+00
9.656915796799705021e+00
9.675305034577299068e+00
9.689189579827834464e+00
9.734695162365216703e+00
9.741810564455507304e+00
9.746090536838787344e+00
9.827199943890541078e+00
9.916649904768350510e+00
9.919216449543554859e+00
9.958477808677500320e+00
9.984493625300755681e+00
