-1.857011065372470293e-01
-1.856872776356698895e-01
-1.808597274201568794e-01
-1.079355431340778410e-01
-1.020131397372480708e-01
-8.721440756451041831e-02
-6.616003495501998621e-02
-6.014914326477274753e-02
-4.227269168818062473e-02
-2.453313836986334429e-02
-6.642422868674613401e-03
5.061365682310375869e-02
1.030330115245460809e-01
1.556557100676485006e-01
2.518806807422149241e-01
2.729826367651881913e-01
2.730519386932114267e-01
3.443324463615308750e-01
4.429222630244551984e-01
4.492281115583857676e-01
4.810128510785426914e-01
5.031786259002102302e-01
5.353804327043356626e-01
5.753833934248659965e-01
5.885500581365117334e-01
6.189061860733964249e-01
7.243610376708662368e-01
8.451049310517311230e-01
8.486030727398918838e-01
8.662299417932168843e-01
8.853589399941721449e-01
9.427129583628761633e-01
9.492511403899428490e-01
9.581673097260394734e-01
9.657213038171175157e-01
9.784393293264119773e-01
9.882765369922605903e-01
9.952246265649231649e-01
1.000823837107869929e+00
1.015606857625012127e+00
1.166988684181222702e+00
1.188596902224803076e+00
1.214792037159208471e+00
1.280577314253485310e+00
1.306815908304563179e+00
1.461868191751179991e+00
1.478986958861701506e+00
1.490282897366266068e+00
1.588277698925720127e+00
1.590769684907423764e+00
1.624192969930099650e+00
1.670191173598819079e+00
1.673742699987494031e+00
1.688738195773801465e+00
1.717297785816791711e+00
1.802571439941517584e+00
1.865078766442608726e+00
1.891737515784836399e+00
1.923060424192207796e+00
1.971491740008371574e+00
2.045534774313972015e+00
2.046759752045851588e+00
2.100286223706322453e+00
2.151720209444657694e+00
2.154958693926902757e+00
2.203287097344593715e+00
2.236857081528057734e+00
2.247221081801977327e+00
2.352107845684240139e+00
2.378821302672922133e+00
2.395633730470312361e+00
2.399186492959882511e+00
2.433267830581546942e+00
2.464074699606589647e+00
2.481552130277775881e+00
2.535884079659805224e+00
2.541445237641978494e+00
2.547994332754040858e+00
2.554778964101179994e+00
2.555154435597320361e+00
2.563148778673128625e+00
2.584150692547514616e+00
2.601033682383500967e+00
2.649132881537342499e+00
2.666993853959394034e+00
2.680928962353220424e+00
2.686601750241969899e+00
2.708118370879899039e+00
2.746732494134378921e+00
2.750627600011389617e+00
2.843713915819841898e+00
2.878044408319645697e+00
2.881003671378602693e+00
2.927645972231408322e+00
2.942574971008547369e+00
3.097107250530211076e+00
3.100681650335358253e+00
3.131786575430402397e+00
3.153092660824876603e+00
3.178545861218352808e+00
3.235203725529419483e+00
3.242731517494224835e+00
3.251866094657447803e+00
3.302088808339127990e+00
3.307330246736779777e+00
3.348631615154047836e+00
3.421504017052619862e+00
3.460114706061744982e+00
3.491171891972915109e+00
3.542456883312701255e+00
3.556544841095655052e+00
3.565299824376939153e+00
3.681359666814028486e+00
3.690574604544675452e+00
3.690687053663848527e+00
3.798203148904758741e+00
3.927299775589496278e+00
3.998515783304807947e+00
4.065551703873181211e+00
4.092849875546930249e+00
4.098270505246254913e+00
4.141652784401261833e+00
4.160207239546700464e+00
4.174637630025079815e+00
4.191872900431236282e+00
4.276186999238984932e+00
4.327040048662241567e+00
4.338192450817225598e+00
4.349941748932042884e+00
4.359470873357945031e+00
4.407905029827648313e+00
4.435695843155737172e+00
4.465155634267125251e+00
4.522723732738850089e+00
4.568850210965150538e+00
4.628183344852871528e+00
4.682400282940279546e+00
4.715789647806792217e+00
4.809876434520575117e+00
4.845959134692607861e+00
4.945338797173920220e+00
4.962483974259862762e+00
4.970064049162142616e+00
4.988413653006309900e+00
5.000185220076814652e+00
5.006320367579398578e+00
5.073446989728931378e+00
5.097108953807044429e+00
5.132977504387325141e+00
5.158809741066090027e+00
5.177083341440662956e+00
5.236605035463186120e+00
5.298170493219946486e+00
5.306247966114479020e+00
5.357975659801747170e+00
5.369235734221246226e+00
5.404801981121225118e+00
5.410148199115278445e+00
5.429031856838895109e+00
5.438832349476292016e+00
5.451978145428223677e+00
5.453148879254480441e+00
5.549968223255964617e+00
5.594610976466244168e+00
5.633373048785990100e+00
5.725645196753429644e+00
5.727643343946734689e+00
5.806946503179950980e+00
5.856543996635819482e+00
5.875029244669061512e+00
5.876212810619554361e+00
5.885656991943836402e+00
5.894558127547491644e+00
5.928022537168904371e+00
5.951834872616405647e+00
5.951972600487246190e+00
5.961646100002129245e+00
5.994736851962939816e+00
6.038041949619834092e+00
6.064532793218662121e+00
6.076090567557679734e+00
6.096855359570081845e+00
6.099077555347705015e+00
6.105486125631300887e+00
6.122109951201891498e+00
6.189784637119167598e+00
6.224196913257618924e+00
6.268336028630158374e+00
6.269971826659794800e+00
6.300439615083226919e+00
6.351911953223163820e+00
6.351933326385575285e+00
6.357577748111986615e+00
6.426546092903814511e+00
6.486006063399803345e+00
6.492841338952401564e+00
6.505634732058934055e+00
6.548992977356526524e+00
6.559122058302778946e+00
6.587620895128353915e+00
6.661406649465195784e+00
6.723881579095622563e+00
6.733678742879686041e+00
6.814558297904597772e+00
6.862988181480427663e+00
6.871765609140511266e+00
6.894269517643769163e+00
7.022521558403179931e+00
7.028056453906387446e+00
7.050507332249928538e+00
7.144243632743227934e+00
7.145349009654267114e+00
7.145915507247223353e+00
7.198297630441304662e+00
7.304444456306621092e+00
7.443049467718512169e+00
7.662174207887254340e+00
7.669122099951143134e+00
7.702509157961202391e+00
7.716737528744307184e+00
7.744761877621767709e+00
7.772652610955887553e+00
7.789551933918543725e+00
7.800520719394115510e+00
7.874845480331786440e+00
7.912186727043370560e+00
7.932038383398977821e+00
7.954213740286442125e+00
8.088651824386337452e+00
8.104065885042604833e+00
8.116058642911770704e+00
8.146521020383922007e+00
8.152533415187976473e+00
8.176609913240904248e+00
8.300476731049718282e+00
8.310144348102275202e+00
8.334638141012158385e+00
8.409225319993877790e+00
8.442375317645867128e+00
8.478873101579546656e+00
8.492495939337949551e+00
8.533647182165893241e+00
8.590244668980929532e+00
8.594155279425432781e+00
8.605545355617390868e+00
8.657951517181201595e+00
8.677222063761830029e+00
8.701081872050320243e+00
8.757885854137240855e+00
8.763175943095697917e+00
8.802912259340473611e+00
8.812280219053933550e+00
8.832174573088629188e+00
8.859019549726010467e+00
8.862901321817531652e+00
8.891366904510419999e+00
8.902473210326167674e+00
8.905058126698971677e+00
9.009838888352682318e+00
9.052155077233718927e+00
9.068279664867215928e+00
9.070346977942838507e+00
9.126508948619383332e+00
9.150175772340876534e+00
9.176990940297963917e+00
9.188153398438396735e+00
9.216356039010534573e+00
9.216930229209340908e+00
9.220006992245870947e+00
9.300710028922546613e+00
9.301810947591217626e+00
9.309545708778843576e+00
9.315881478340523714e+00
9.386670529189110823e+00
9.398838966498686887e+00
9.481616179398761446e+00
9.502698651803898500e+00
9.664378548714816830e+00
9.676659914605075130e+00
9.692122643754260025e+00
9.848383412573664231e+00
9.857775004914570260e+00
9.874978943714060264e+00
9.937686093821069377e+00
9.946111475041563565e+00
