-1.726595745205264376e-01
-1.715407554607391027e-01
-1.618378993375569619e-01
-8.559119702687457976e-02
-8.440755352959329605e-02
-1.844723261779618317e-02
7.928902925134900803e-03
1.520480799655302140e-02
2.254461478856026324e-02
7.352785793313337814e-02
9.615895697880733062e-02
1.299678078222484268e-01
1.376816718932307171e-01
1.518995969990364903e-01
1.536429022738132200e-01
1.652757091103708165e-01
1.653084629299754194e-01
1.944315149322601299e-01
2.006233083206072076e-01
2.124352627928682846e-01
2.714619167132967803e-01
2.744193890267078162e-01
3.233355035493821750e-01
3.493899860199412566e-01
3.793598542724611611e-01
4.444782866315886705e-01
5.570170933350346854e-01
6.107379746270238385e-01
6.243472933337264053e-01
6.655831028676362227e-01
7.375833164766663064e-01
7.732485506815021115e-01
7.785983462312471293e-01
7.819144236791051306e-01
8.846117973589944228e-01
8.886223298090925038e-01
9.534906964058380563e-01
9.706669913947745254e-01
9.752948641591392409e-01
9.956088499900366262e-01
9.974678254829389967e-01
1.029611533741393359e+00
1.067290797170754812e+00
1.138424898212550218e+00
1.149247619167258705e+00
1.265604683811976550e+00
1.274246144913862899e+00
1.275623975285267608e+00
1.284608832162560166e+00
1.297636140852282960e+00
1.399464431623267169e+00
1.428630756280572678e+00
1.523977138545144383e+00
1.561545886884012857e+00
1.609414596805512021e+00
1.638913423867955688e+00
1.641235014073782805e+00
1.658863201241120633e+00
1.666215239465682396e+00
1.672807333538193442e+00
1.714204990685108454e+00
1.799878910615920979e+00
1.828104832856339845e+00
1.863381079752794323e+00
1.867833872657070016e+00
2.008510977177482282e+00
2.013729210072422227e+00
2.026509688952693011e+00
2.036388145398880134e+00
2.046217893694374901e+00
2.047196866106010926e+00
2.058801085736313485e+00
2.076277400572517973e+00
2.076334504092997690e+00
2.104880386128368031e+00
2.107444893260419061e+00
2.107808395752196695e+00
2.121914511056073760e+00
2.129045444108424334e+00
2.131258822731029401e+00
2.169555688430814921e+00
2.193004198353852185e+00
2.195862836230904502e+00
2.198415211581984607e+00
2.216661061865301985e+00
2.231217026672830617e+00
2.261553595434585784e+00
2.369641824379366657e+00
2.405564168426270744e+00
2.464653748111970355e+00
2.492997372800151989e+00
2.528662126566111112e+00
2.542770175360280938e+00
2.552168113333604715e+00
2.599526304435188617e+00
2.608490555110970277e+00
2.685755313083479923e+00
2.701119319042633471e+00
2.711607557940035385e+00
2.730587847942681279e+00
2.859750654506417522e+00
2.895703144590316302e+00
2.897674495403112171e+00
2.912738282242352650e+00
2.992634878194629700e+00
3.104303358726701045e+00
3.126778237654900927e+00
3.146747032926837662e+00
3.182791615197102519e+00
3.258486929600588944e+00
3.377066078839749963e+00
3.438176886458336412e+00
3.438551858756298429e+00
3.450121675633351259e+00
3.491184092799568095e+00
3.526174002785844586e+00
3.543373184526150688e+00
3.560203720724630205e+00
3.562601045038604752e+00
3.568765165482839841e+00
3.572471016267681154e+00
3.589004354319992096e+00
3.614369782099143169e+00
3.620851119864193723e+00
3.638319313796935628e+00
3.652995417695863445e+00
3.765351940247866569e+00
3.811853229444791324e+00
3.813145792326485761e+00
3.821484627003059131e+00
3.841373067820049059e+00
3.843438605285863119e+00
3.848823434888472228e+00
3.901193242711442188e+00
3.929599333710158682e+00
3.949865580886212868e+00
3.969372274811443724e+00
3.990797753754780075e+00
4.124968608051849728e+00
4.142908509829064556e+00
4.145179437379805876e+00
4.161572253860737369e+00
4.172846299233836653e+00
4.221744385072327077e+00
4.253776120560441854e+00
4.358531333712922340e+00
4.361741392611703461e+00
4.364174974733495915e+00
4.430754998628809282e+00
4.451758836971908551e+00
4.454255186100620101e+00
4.500107882758955569e+00
4.532577673797318241e+00
4.623379120611535775e+00
4.655551300775305101e+00
4.696256054492025989e+00
4.766440285376027930e+00
4.830042218023967493e+00
4.897291561016743344e+00
4.927997705883266910e+00
4.936613150313966081e+00
4.963590111982571607e+00
5.005803167398848785e+00
5.009762791126400217e+00
5.080799114352977597e+00
5.114452484017628642e+00
5.133435878373351358e+00
5.145469942476138314e+00
5.203470213573117675e+00
5.219752294745945598e+00
5.236138168251427416e+00
5.238751977196725029e+00
5.273982561143596648e+00
5.334895148118288688e+00
5.388487870341586827e+00
5.399314271770201401e+00
5.423778935774570265e+00
5.504290980983252979e+00
5.584120863076883268e+00
5.645513410611371796e+00
5.648854967362368029e+00
5.654819694966594312e+00
5.674564177017043853e+00
5.710141571822086703e+00
5.771776251260922308e+00
5.818097255273346313e+00
5.838403636725047363e+00
5.911158709363403041e+00
5.918384858315254071e+00
5.961978014252090396e+00
6.028011721719677141e+00
6.041551027025192866e+00
6.204882057643178683e+00
6.205872509931573688e+00
6.239669983522840191e+00
6.288048296670518233e+00
6.303258524630687809e+00
6.326178510818290412e+00
6.338249130701701262e+00
6.339930340673353371e+00
6.378839645465974151e+00
6.429954543394042155e+00
6.476663822988025565e+00
6.486523745368264038e+00
6.693392887238075240e+00
6.712679694698206134e+00
6.728992591785367239e+00
6.737883104876811302e+00
6.756643322454747747e+00
6.773591607190324382e+00
6.775638791276501038e+00
6.830844587712612714e+00
6.852398973657064296e+00
6.857597398846293935e+00
6.859874968526387562e+00
6.930089555098590814e+00
6.935355013450736017e+00
7.017280397872943887e+00
7.023546536229407167e+00
7.029146169238979169e+00
7.102781468348194238e+00
7.145316311858115554e+00
7.147953998161958644e+00
7.162830750741830954e+00
7.166991218008314846e+00
7.182856309160882802e+00
7.187918403648871468e+00
7.189509733408901759e+00
7.201731900294666033e+00
7.204209004079526579e+00
7.211503693157397699e+00
7.230758881067568034e+00
7.239734524340327937e+00
7.254142374371754798e+00
7.262355566493700287e+00
7.270607044637763750e+00
7.328762810120811544e+00
7.348960164883079571e+00
7.382605624776471309e+00
7.472515349045722566e+00
7.519212172833038998e+00
7.564320589484195168e+00
7.567697610701091371e+00
7.573075403417900198e+00
7.575252384985981635e+00
7.613455110998838649e+00
7.643659378272509741e+00
7.653642700919771613e+00
7.703502271122800060e+00
7.772661123657407245e+00
7.775749777757599901e+00
7.827695128685754788e+00
7.828717775312141747e+00
7.898748217493351653e+00
7.932217712665685205e+00
7.961827324505576620e+00
7.976106893903215145e+00
7.987017312966840699e+00
8.064917583037509274e+00
8.088310916911222392e+00
8.096490536687038997e+00
8.120788085568065640e+00
8.194872388654300011e+00
8.198217556248247107e+00
8.214649804308795211e+00
8.260666492027658236e+00
8.300797056157406928e+00
8.311348857997398198e+00
8.320457278186726313e+00
8.330618239980148942e+00
8.360543069724096554e+00
8.432348104317936688e+00
8.471406595750506696e+00
8.512558687928255097e+00
8.529125422861826067e+00
8.596758223568583546e+00
8.624043676077938869e+00
8.628409135732090007e+00
8.656246334164558576e+00
8.700281272366501284e+00
8.786657299649894171e+00
8.808560207757546223e+00
8.827527704577637024e+00
8.910317164768938980e+00
8.932934314570664114e+00
8.980638646328065633e+00
8.996330262225477270e+00
9.000406409974102573e+00
9.005691249509395035e+00
9.099413647043663289e+00
9.120248903449388322e+00
9.195122547788896483e+00
9.224719798727061715e+00
9.249613490508153291e+00
9.293300611962175495e+00
9.349463860270660120e+00
9.410189005315052313e+00
9.410725943094231383e+00
9.452370793004186922e+00
9.535422963045078859e+00
9.552288743933310400e+00
9.577012947085368211e+00
9.611611414499000361e+00
9.748024417214894655e+00
9.759378926017033606e+00
9.794815097638634782e+00
9.862780230417795835e+00
9.895464219056300692e+00
9.898479284703592285e+00
9.955331688896372100e+00
9.982888251759700182e+00
