-1.813464555863029959e-01
-1.051944366221374688e-01
-9.247777229102105423e-02
-4.887932109607812103e-02
-3.094392563106679317e-02
-1.581083779512437726e-04
4.953169360941422905e-04
2.919293617625370874e-02
1.071561302696144025e-01
1.284224180956252126e-01
1.316470429859875058e-01
1.496834787500921915e-01
1.762804561917931667e-01
1.857056041298450477e-01
1.867795363749372717e-01
2.185899058588877120e-01
2.507043602542788352e-01
2.593436050104566681e-01
3.139170994921364755e-01
3.166249828480167117e-01
3.451379157253094410e-01
3.480400381143476385e-01
3.794416819510373906e-01
3.898656427910312527e-01
4.442108115699524018e-01
4.693683324603458717e-01
4.823406504624905833e-01
5.166416125637298684e-01
5.583146888063301727e-01
6.093670098961474491e-01
7.275431237472229640e-01
7.422857522019090659e-01
7.457086631748144345e-01
7.590658324058350281e-01
7.626136184392193762e-01
7.645533725547710713e-01
7.913836246705530098e-01
8.478030695266434158e-01
9.102516212282574237e-01
9.807004526269635925e-01
1.001816049978746070e+00
1.005665023960600646e+00
1.012726474364377127e+00
1.018662606967126294e+00
1.048397063706449917e+00
1.075628900600015259e+00
1.097036137574391779e+00
1.141142919421550994e+00
1.155733338314277381e+00
1.223052402772031533e+00
1.317163756572848010e+00
1.322656629433230036e+00
1.362260653408797983e+00
1.365133045410459101e+00
1.367083477132214231e+00
1.406918614411315271e+00
1.413522025075048427e+00
1.553965445843084936e+00
1.568555852935431094e+00
1.570428417474372118e+00
1.586982872772889408e+00
1.591185522875614211e+00
1.614787014264751130e+00
1.684437367803299113e+00
1.689198113906227317e+00
1.694366998877883557e+00
1.714033046955570461e+00
1.738041416814147588e+00
1.754902719303730319e+00
1.758106557156366767e+00
1.799269773559497576e+00
1.802157090001339279e+00
1.846353124589102945e+00
1.877870395036368878e+00
1.879332145004663390e+00
1.956020483071321925e+00
2.006503429734579846e+00
2.093072895417226853e+00
2.105737584620437364e+00
2.166887378744853709e+00
2.168426476668166902e+00
2.201594927230053234e+00
2.212098249896012891e+00
2.222017851216050222e+00
2.233907283166983948e+00
2.264914146856729538e+00
2.282878165421335925e+00
2.301693796788955026e+00
2.311864210842478506e+00
2.318109797091284729e+00
2.343726280272828699e+00
2.357523504072235099e+00
2.377061584435665509e+00
2.444807189385538759e+00
2.486653272539488313e+00
2.517292317370765531e+00
2.591894628866120431e+00
2.593885988997625347e+00
2.629893489166897691e+00
2.658062983209532604e+00
2.659338896307554823e+00
2.661533074292452561e+00
2.711684671201507690e+00
2.738854728023455642e+00
2.779914012344620655e+00
2.800099618588131278e+00
2.826957761741005548e+00
2.829115188142465431e+00
2.898314926434745420e+00
2.977942389056776662e+00
3.092263398437056665e+00
3.095756720732203426e+00
3.105572210350761253e+00
3.140434143132378786e+00
3.165217335923526054e+00
3.196362947728919046e+00
3.203275178417705149e+00
3.253533744935813488e+00
3.293962502763709388e+00
3.310216314990134023e+00
3.354090320609548481e+00
3.365018198224872137e+00
3.487914112130745981e+00
3.541195600669879706e+00
3.571069652120647309e+00
3.629482618291338003e+00
3.641482220525412927e+00
3.776085521952570634e+00
3.791733283143517319e+00
3.801829629187345461e+00
3.812118668594046689e+00
3.850135069066147331e+00
3.885567971595445869e+00
3.899050671116742528e+00
3.978592837750820621e+00
4.002678185586032278e+00
4.033445647607408979e+00
4.085156013820125054e+00
4.115198683166651605e+00
4.115468784132501945e+00
4.118347532726576610e+00
4.121683448262928984e+00
4.168181133822432827e+00
4.244183903744098707e+00
4.283635563334827978e+00
4.309136624466151311e+00
4.342492054870852769e+00
4.350266869096781619e+00
4.355946398891735960e+00
4.367291094927338690e+00
4.371787359604748069e+00
4.396104422926829791e+00
4.413947539417253374e+00
4.414623595509977072e+00
4.447721337698945732e+00
4.457653343305127080e+00
4.500828862078020798e+00
4.528754009913737555e+00
4.557009910917730444e+00
4.569382373494184080e+00
4.571532419651038737e+00
4.594531373960067278e+00
4.601072118934545152e+00
4.620305608981955636e+00
4.622918922571599865e+00
4.695982770061470468e+00
4.720488039424395765e+00
4.744128419921404216e+00
4.776617577243949420e+00
4.867304689388792127e+00
4.894203611900266537e+00
4.941948663785704632e+00
4.991380212920923931e+00
5.014608908358384909e+00
5.092596040378816191e+00
5.137403868808982921e+00
5.166318680475805003e+00
5.178850229267476735e+00
5.196722059184009090e+00
5.281438444650800257e+00
5.370178115714628220e+00
5.402916678361074254e+00
5.425819708464289626e+00
5.439469875377331398e+00
5.476002278579001903e+00
5.476111784383467018e+00
5.479798274762190502e+00
5.535726894984731139e+00
5.567477163285620811e+00
5.569917239879151438e+00
5.648971224122473878e+00
5.661180639208635235e+00
5.663593244429656615e+00
5.696684068996487937e+00
5.739232458227141009e+00
5.742298303022598915e+00
5.792086938448254507e+00
5.824967201376050951e+00
5.836288295645957191e+00
5.871141305488677631e+00
5.890318736521254372e+00
5.975854930816687727e+00
5.987047586331580185e+00
6.040720275287896790e+00
6.056974908668802726e+00
6.102948912635854484e+00
6.176749693571620625e+00
6.193021977595723371e+00
6.194542564672118168e+00
6.196131611293533403e+00
6.228066262745524995e+00
6.242025563895586160e+00
6.270852148964611850e+00
6.279891617762455525e+00
6.298210032372900891e+00
6.332590129043355276e+00
6.344844439806717418e+00
6.346179928881717558e+00
6.381923041981671041e+00
6.483471688130301835e+00
6.492148957185337466e+00
6.493896316122636847e+00
6.502102489887557901e+00
6.529822747606580435e+00
6.534830725897364800e+00
6.535685262966520526e+00
6.540947857576314917e+00
6.543079443799446615e+00
6.547940670787742334e+00
6.560962486065533561e+00
6.586828245745267374e+00
6.623183674538186239e+00
6.627266355887265981e+00
6.677813262219962631e+00
6.680630685021767157e+00
6.694734460629126360e+00
6.706846642381626644e+00
6.734783580866662511e+00
6.774730738321775192e+00
6.791251045789952201e+00
6.792235189290866337e+00
6.796743719736232592e+00
6.809139992777390127e+00
6.854286984436165575e+00
6.876886758024640223e+00
6.959809128770896081e+00
6.967555959099811069e+00
7.007683111122661401e+00
7.015217936704669199e+00
7.021448056694808315e+00
7.076941802228741807e+00
7.147640480583113742e+00
7.159855155419659667e+00
7.196657136631267271e+00
7.246594689311758763e+00
7.272393313372201185e+00
7.295341694486332962e+00
7.316741300936897119e+00
7.388907074807158359e+00
7.452204252041304322e+00
7.465264429297699955e+00
7.563541102653434045e+00
7.573193796063610428e+00
7.635488321804535516e+00
7.682136762283835907e+00
7.690457881813977714e+00
7.733856831722700775e+00
7.757917947384969537e+00
7.762013652193926028e+00
7.828748570890685876e+00
7.829409673630546074e+00
7.841841629475953646e+00
7.920053689656680440e+00
7.933685966485293228e+00
7.944510711081082199e+00
7.983630776981594401e+00
7.992838898994533814e+00
8.003729190105271840e+00
8.008333033027096093e+00
8.058146997815894608e+00
8.135765502539886285e+00
8.151138993933855659e+00
8.223148594425152780e+00
8.236654723206038753e+00
8.318377342404621899e+00
8.329124175112843531e+00
8.355705762040352980e+00
8.366541386960381743e+00
8.457894812801674433e+00
8.475702461055410808e+00
8.491923877495725748e+00
8.505044103715505344e+00
8.518435854213876723e+00
8.519051266354058072e+00
8.551680908328831876e+00
8.567897425546576073e+00
8.569915808774144494e+00
8.584515669369320534e+00
8.607985610516927011e+00
8.630900804952629457e+00
8.693587865141832793e+00
8.709849600594283814e+00
8.719045445383663662e+00
8.720996976842057435e+00
8.753836925109496292e+00
8.756404153826778725e+00
8.790974232409533684e+00
8.826213427225185981e+00
8.868328162275012971e+00
8.879417156792879240e+00
8.946220842971174037e+00
9.022231003503833335e+00
9.107130167525246733e+00
9.140665661414908882e+00
9.185825043477480634e+00
9.193386690641235148e+00
9.200032261168118453e+00
9.205271001344684123e+00
9.263273056286251972e+00
9.283116592344883955e+00
9.385133739099309480e+00
9.428760753161053998e+00
9.433275894508694748e+00
9.498251066700690970e+00
9.508214304092870606e+00
9.522908235067259142e+00
9.660637860649835318e+00
9.685289461883098028e+00
9.689547281040809423e+00
9.732341525752328693e+00
9.798206612594555054e+00
9.876043969398379474e+00
9.888099963811663784e+00
9.889225766670440620e+00
9.939348980195424232e+00
