-2.265140358743650273e-02
-1.397229191417931338e-02
3.667265875808151110e-03
1.287168237043406771e-02
1.315998925874765635e-01
1.439761001219972969e-01
1.951286408325152988e-01
2.771008534760093789e-01
3.005087897613266112e-01
3.068643093081438455e-01
3.314606175469315130e-01
3.567869733838553992e-01
3.656599420521209898e-01
3.664419324335815298e-01
3.728862809596298900e-01
4.072893135650884067e-01
4.218913795385447751e-01
4.849768590235128962e-01
4.893830464944552427e-01
4.988609098145351806e-01
5.085981266389809630e-01
5.778340829460828498e-01
6.037583621651385624e-01
6.173743659481465418e-01
6.243244696844216790e-01
6.642306381104539081e-01
6.698928853012917628e-01
6.828268807786495032e-01
6.891502239371491978e-01
7.347393786424121220e-01
7.634282600834343402e-01
8.227553957907183246e-01
8.431562381545640861e-01
8.657559469952607056e-01
8.759209393336666594e-01
9.015733043692044646e-01
9.315431553349537985e-01
9.410019318464357685e-01
9.657814024519921769e-01
9.766346788759088238e-01
1.020118645196419926e+00
1.166616982681402570e+00
1.189906344470976762e+00
1.199298420742822113e+00
1.236573826365148232e+00
1.241470904713519730e+00
1.246910881813614536e+00
1.324792365467920119e+00
1.355959268805373652e+00
1.378882872349792343e+00
1.441831362614776735e+00
1.495208312768942838e+00
1.504197006517404178e+00
1.522735479426323701e+00
1.524220432381546475e+00
1.555028078349489640e+00
1.592910195129545681e+00
1.594445989934604846e+00
1.673551339720341868e+00
1.685859529354036157e+00
1.701495252891342735e+00
1.792893586375650328e+00
1.824301896663002465e+00
1.841646402208237498e+00
1.892287417759841217e+00
1.927887447128581178e+00
1.967773179821298735e+00
2.083108534367288378e+00
2.091048573847332559e+00
2.099616579901700586e+00
2.131115268548834596e+00
2.253523715403002559e+00
2.296049709783012815e+00
2.296687244412561224e+00
2.302650412067930752e+00
2.399239109659690339e+00
2.542058845879248796e+00
2.544292326510332547e+00
2.546271032029796544e+00
2.664844570946712121e+00
2.668231174659010829e+00
2.684351949265451065e+00
2.684415115807297525e+00
2.756418811000778568e+00
2.764586546772265674e+00
2.781518203250629373e+00
2.786344740313792645e+00
2.804286904962095317e+00
2.838353128842001194e+00
2.910912876286655404e+00
2.925126233032957490e+00
2.938248572521890534e+00
2.956129057386148951e+00
2.962171090395280704e+00
3.149273742292253875e+00
3.212012386452162360e+00
3.215902736558381214e+00
3.299706833217871171e+00
3.324766449856678463e+00
3.333795324411727545e+00
3.432691749904999146e+00
3.445157727321105146e+00
3.498387955672705996e+00
3.638916767557357712e+00
3.662654574048826994e+00
3.670164026362495502e+00
3.730841081918951918e+00
3.742047646513753101e+00
3.748170270010470428e+00
3.753535551407781057e+00
3.798232831373605123e+00
3.813456205844105718e+00
3.817006502588409234e+00
3.857785711177848853e+00
3.861570450717688452e+00
3.882306546969509498e+00
3.914791487457638830e+00
3.958736384747690629e+00
3.959316483026642963e+00
3.975336226019222430e+00
4.061959653413765636e+00
4.099274992709829313e+00
4.133016033768170061e+00
4.152410356733320818e+00
4.171728864600527942e+00
4.180905834184920344e+00
4.289486894716642240e+00
4.292539736370544645e+00
4.322879290004181918e+00
4.396913634031109019e+00
4.421546778427123847e+00
4.474768103582847267e+00
4.582667022110486599e+00
4.587528198069487750e+00
4.654684813922527198e+00
4.691387844190125556e+00
4.731830346765775630e+00
4.752281380634077124e+00
4.798371310622661312e+00
4.812313210256386142e+00
4.818707047568048019e+00
4.841786513436304951e+00
4.865187892714769369e+00
4.878440548333456306e+00
4.895431840800284817e+00
4.920558854669943472e+00
4.924373279341718757e+00
4.937609964138476748e+00
5.060894240225135121e+00
5.065010008076129111e+00
5.087553269853683169e+00
5.106370817699401599e+00
5.121905963160844344e+00
5.132989721872131206e+00
5.146636873488686703e+00
5.181954511719200518e+00
5.205820691096116448e+00
5.280294752527252555e+00
5.293134635231695917e+00
5.307372176947192877e+00
5.360941554043351154e+00
5.367536737500470778e+00
5.406191721541476092e+00
5.465087654144354268e+00
5.475519036041040621e+00
5.563293200581044928e+00
5.584918137430763707e+00
5.605791067911547465e+00
5.679907777402195102e+00
5.753608035199025750e+00
5.755183976442257432e+00
5.766319657608199201e+00
5.806853491857066452e+00
5.811675330765099901e+00
5.832131773011694165e+00
5.948043572288070457e+00
5.968366228617158598e+00
6.047318867566390921e+00
6.117012803677162047e+00
6.184005261415329358e+00
6.203361363786951799e+00
6.205496641674519864e+00
6.253566026677132683e+00
6.253716623426413435e+00
6.320050583604504446e+00
6.339505153892842415e+00
6.363221632292642482e+00
6.376939971090365589e+00
6.454891984083143797e+00
6.465534417014532131e+00
6.470657546786846126e+00
6.472281414018933532e+00
6.529071033735734275e+00
6.638358312089731150e+00
6.649578108751420302e+00
6.670952005811124685e+00
6.786285789213287956e+00
6.792873205758166222e+00
6.802671660365680495e+00
6.830966648519765982e+00
6.886135048355554567e+00
6.935365712680811257e+00
6.946089369206792874e+00
7.013708976791371619e+00
7.018001672557944381e+00
7.078412225430995797e+00
7.088115456782768220e+00
7.109550825456090628e+00
7.118432673928823284e+00
7.125708313315530340e+00
7.158840237586133526e+00
7.160073458381588374e+00
7.185677272461595599e+00
7.217656198168719506e+00
7.265614672485110503e+00
7.266483972989879803e+00
7.314854845324160415e+00
7.323177253470772641e+00
7.448317959511257413e+00
7.462778704606635394e+00
7.487647967124022585e+00
7.495018471471314392e+00
7.531578681113410667e+00
7.671062811124619962e+00
7.672910184890891827e+00
7.677238694484604942e+00
7.732263820516980246e+00
7.755171377865376137e+00
7.765880761603213500e+00
7.794902348529919145e+00
7.852834021161657851e+00
7.873300083104502356e+00
7.916803266895811042e+00
7.916934301169109567e+00
7.920935393694342075e+00
7.927737086972368452e+00
7.932058360742623826e+00
7.945540463029614919e+00
7.985715516791626278e+00
7.993088326026039248e+00
8.036312368666209238e+00
8.097412638561376497e+00
8.118654293063855221e+00
8.130941550489657388e+00
8.138773628248939573e+00
8.162405501307869571e+00
8.178809112706273865e+00
8.179236102275840636e+00
8.275663827708964249e+00
8.279672838923284317e+00
8.324033066723918850e+00
8.330686516881891990e+00
8.367679112689248910e+00
8.387972852275092706e+00
8.476351922527323168e+00
8.486545148517127046e+00
8.513222279236053680e+00
8.513683201833702086e+00
8.531247622990353108e+00
8.542465918045840212e+00
8.564082581711817355e+00
8.601938172814268313e+00
8.618741665375869943e+00
8.623304591897353433e+00
8.644093184764511051e+00
8.681242074828826816e+00
8.704078851672653272e+00
8.708059871683525799e+00
8.724196412654713129e+00
8.740564237763177147e+00
8.815852486146084743e+00
8.840144768998809965e+00
8.855473083852006155e+00
8.918408816750531543e+00
8.928599729720380296e+00
8.950893661931322853e+00
8.951425129875056896e+00
8.982387217287383763e+00
9.034373545687197193e+00
9.253013185453509593e+00
9.258169378315464826e+00
9.290586509582082542e+00
9.309279809948169060e+00
9.326486668924188095e+00
9.331623410550591302e+00
9.374543917437803131e+00
9.380198363226705638e+00
9.406415575525933548e+00
9.450684696211524738e+00
9.452850151151686475e+00
9.455036721538794708e+00
9.469380153741779438e+00
9.478626654371884896e+00
9.483632726716448857e+00
9.490766395354766516e+00
9.510052335784292765e+00
9.513803541665700081e+00
9.554279515755006003e+00
9.633106791951069781e+00
9.675581138917738855e+00
9.747793208898265505e+00
9.771467778461451203e+00
9.813282956785608135e+00
9.818979689156119406e+00
9.880396357814712260e+00
9.921719780667320521e+00
9.940640768169739516e+00
9.963933982883162344e+00
9.976089633555275782e+00
9.996323131754140334e+00
