-1.800782247147142967e-01
-1.719787719998044917e-01
-1.664259965971270905e-01
-1.037908259461426952e-01
-8.518446228538546772e-02
-6.450356647346983108e-02
-1.773292796741476884e-02
3.738121634519497860e-02
1.242867171185603192e-01
1.498770886906709010e-01
1.500977657512825858e-01
1.703175527654532950e-01
1.847115646321298987e-01
1.951472268837337043e-01
2.618164871050077114e-01
2.904188486819803683e-01
3.252557022519140806e-01
3.698609750940272112e-01
3.947626403562089492e-01
4.520139348254788580e-01
4.600703465271514525e-01
6.122377717542872855e-01
6.426165637887741866e-01
7.966528949628726153e-01
7.972137514655812662e-01
8.214667137191755675e-01
8.460229424391754183e-01
8.822179690462415014e-01
1.030426889368285748e+00
1.060903335036151418e+00
1.073442578595383168e+00
1.084048358853352934e+00
1.146765924955757354e+00
1.161931810760948647e+00
1.177888723891042266e+00
1.405343110429076781e+00
1.455349555824752672e+00
1.505496904502163114e+00
1.537500409065602147e+00
1.575601197270616316e+00
1.608229495803167319e+00
1.760241054857517362e+00
1.814581076864879572e+00
1.842740507769053737e+00
1.878072166234674212e+00
1.926499016564607425e+00
1.938636641142599926e+00
1.953835296979490321e+00
2.001589854355430909e+00
2.004149502027083862e+00
2.071891428614740072e+00
2.093497088499937320e+00
2.178841043417978796e+00
2.184259939999591449e+00
2.200242221000173082e+00
2.245505335789126367e+00
2.390547613463100962e+00
2.456306590289541791e+00
2.482456649406182159e+00
2.515400209419591970e+00
2.564281396201600227e+00
2.641464817705399426e+00
2.759111410127737862e+00
2.782941480166725157e+00
2.783261995185331905e+00
2.784130259214581571e+00
2.796600810634402468e+00
2.808630322607867047e+00
2.814601039540192140e+00
2.816102227607439445e+00
2.875373606109875801e+00
2.909242989021769699e+00
3.091375257029297607e+00
3.123220166760955152e+00
3.130003214479121443e+00
3.151393272704869908e+00
3.328330756858163042e+00
3.332596537236863998e+00
3.335596607905184197e+00
3.340789599100133955e+00
3.359795245191934843e+00
3.383448174642191830e+00
3.384278823175546069e+00
3.387018816321732739e+00
3.396172559910818123e+00
3.399598707939591513e+00
3.421106187129879128e+00
3.451958349294695250e+00
3.473329048487365789e+00
3.489616365073172410e+00
3.596326470585962998e+00
3.643194482193363282e+00
3.643382800460869930e+00
3.666566979532893011e+00
3.690483639024049634e+00
3.752815056898183510e+00
3.815279060115543963e+00
3.854376439093861961e+00
3.873380807311162854e+00
3.876272719866657113e+00
3.930358071068229542e+00
3.970968400229618389e+00
4.027380778104086900e+00
4.074297786251765530e+00
4.085120203902616431e+00
4.242174285211659068e+00
4.275474832605319797e+00
4.287119688790987482e+00
4.290230874520100102e+00
4.309775338623662577e+00
4.375532667244955931e+00
4.389395413897513087e+00
4.411409956730773629e+00
4.505017400495652247e+00
4.505576708502054828e+00
4.540942459209987625e+00
4.557296493220008848e+00
4.566491853720397565e+00
4.622353876163344921e+00
4.645801955844708786e+00
4.697908715551066372e+00
4.715570671880890075e+00
4.798106792705890911e+00
4.869692411540085253e+00
4.881721510844746703e+00
4.989221564217618976e+00
5.006787559964580581e+00
5.024553075710358030e+00
5.042391100559472150e+00
5.080759748873605375e+00
5.091142650089371280e+00
5.096220012168850566e+00
5.131105928809489569e+00
5.147109926266752566e+00
5.162749088183005597e+00
5.178458035962769657e+00
5.252768371183879736e+00
5.272581026796964387e+00
5.340133209555983917e+00
5.362827656592390468e+00
5.401371147814624685e+00
5.422824572360052109e+00
5.438440675721872175e+00
5.453228847048468886e+00
5.560269958555700498e+00
5.568537840265706862e+00
5.587179532358388379e+00
5.611081618509021318e+00
5.611286858561234325e+00
5.613309901112311096e+00
5.787576677093345445e+00
5.798853631251347451e+00
5.806618636055787874e+00
5.814495525086502248e+00
5.841527736501563872e+00
5.902194827506462182e+00
5.944385236090653279e+00
5.953633650990954429e+00
5.954916591836617812e+00
5.970924143153080621e+00
5.991555738864850156e+00
6.021939877777729322e+00
6.054319833706808041e+00
6.069191588410458138e+00
6.137129143483894822e+00
6.171968802793348807e+00
6.176897501596197770e+00
6.212429101922898766e+00
6.218058745255621744e+00
6.229774339416719542e+00
6.278216111621924611e+00
6.283186699239985629e+00
6.316199635363091147e+00
6.458289776303108631e+00
6.467482231787186286e+00
6.511245597092452542e+00
6.563965435912676227e+00
6.599071990301940360e+00
6.603029731694938675e+00
6.614581807197343011e+00
6.704174491301571059e+00
6.725825255931646929e+00
6.739377969448858252e+00
6.759832757717913587e+00
6.843336306825014148e+00
6.846443009166556237e+00
6.854623615809463999e+00
6.854824443865844330e+00
6.921274573321103851e+00
6.939691714004790235e+00
6.991193022839972571e+00
7.042227884971717700e+00
7.053274745724969819e+00
7.060867527349601325e+00
7.083025353184558170e+00
7.100794978020930515e+00
7.177871843059111967e+00
7.206717293526880397e+00
7.284975749246394017e+00
7.291278238455388028e+00
7.297889224222834592e+00
7.320121857093160322e+00
7.344194749570450043e+00
7.364209526939355044e+00
7.375691347480687554e+00
7.377516464551085562e+00
7.399792979656549363e+00
7.467336330196894245e+00
7.522245653393113685e+00
7.546774257743559033e+00
7.572462201105372159e+00
7.589473872300718682e+00
7.594744117134890615e+00
7.601547303809746303e+00
7.612646555453186359e+00
7.622265644977737509e+00
7.699866695692224816e+00
7.735173303112427234e+00
7.737505208065872608e+00
7.798567979267692962e+00
7.831296283331000474e+00
7.856011218581653743e+00
7.867563059665877212e+00
7.878845914234999803e+00
7.889062750733267571e+00
7.947194359280421061e+00
7.970335834782452444e+00
7.971423595715241284e+00
7.997168289359142257e+00
8.067164572153114221e+00
8.120117721485600626e+00
8.140517042352231059e+00
8.143815768115983289e+00
8.148906915495260250e+00
8.151754599200033979e+00
8.196484818824949059e+00
8.236218150880660005e+00
8.318693163341599472e+00
8.322359408951124138e+00
8.345407125190382303e+00
8.436281078769727770e+00
8.512689157691037067e+00
8.526192277197562674e+00
8.532803826170299644e+00
8.533916679394078386e+00
8.570181943076168096e+00
8.617857585260665587e+00
8.687867557895389226e+00
8.702337931077567035e+00
8.726453128196610010e+00
8.776401387118887953e+00
8.855730974258170463e+00
8.856913974144639212e+00
8.857668093196283010e+00
8.861022905664031057e+00
8.941636530721615017e+00
8.947837592999137613e+00
8.995261045731743010e+00
9.068202932668629757e+00
9.069413577623096856e+00
9.169704421583093179e+00
9.190933466651534545e+00
9.221246291628903080e+00
9.228568192973320095e+00
9.398063063867693856e+00
9.411068962873640587e+00
9.511837584948448665e+00
9.610040370527107356e+00
9.618225244489407189e+00
9.650047119427028974e+00
9.660377386445878400e+00
9.684961180573594675e+00
9.689251858004036322e+00
9.721836965622406623e+00
9.821908739680409894e+00
9.908878848944812745e+00
9.909845597857920296e+00
9.911120251323055186e+00
9.922904060089338785e+00
