-1.684424364148309206e-01
-9.634813178334140915e-02
-7.855835040835219829e-02
-3.923822079206462643e-02
-1.589311739925963751e-02
1.079661453768851476e-02
4.122174096744227190e-02
9.545444323619894922e-02
9.594837656848903551e-02
1.054571137224205590e-01
1.390202658985987827e-01
1.437362195470893722e-01
1.972683864339653259e-01
2.068433476625874401e-01
2.634093378744210012e-01
2.673849361603800046e-01
3.173540138044928516e-01
3.183239817085152246e-01
3.390750562706141280e-01
3.676485619768516400e-01
4.137379953698115398e-01
4.279738491679117574e-01
4.573548058410251138e-01
4.621907012178891327e-01
4.643448838018992553e-01
4.788088220263334027e-01
5.079191874782214011e-01
6.548577229255090337e-01
7.391712168434627639e-01
8.029056284808302468e-01
8.492665247796384875e-01
8.930742758478906751e-01
9.003369746928955308e-01
9.564116224594152449e-01
1.001121945915911748e+00
1.030538501100189297e+00
1.087183889536804671e+00
1.232082564151675719e+00
1.242757934295915856e+00
1.251426647324977326e+00
1.308954905680498548e+00
1.320393972204499500e+00
1.354205271575718461e+00
1.430341202499043396e+00
1.451986184440307692e+00
1.456052224654206473e+00
1.510395472519411308e+00
1.525032485705136276e+00
1.538280389534090187e+00
1.637563871447889952e+00
1.661136739375207672e+00
1.662819185580067805e+00
1.665448247558336092e+00
1.726314503544436718e+00
1.730555185540047836e+00
1.742772576689523900e+00
1.766544382456412876e+00
1.768351077142842565e+00
1.890383735244628882e+00
1.893613610818595694e+00
1.901390465376928907e+00
1.960799148042123852e+00
1.961749084381408492e+00
2.014371104148637848e+00
2.029512065470542748e+00
2.031932966915883210e+00
2.132521634122052756e+00
2.146175947723786948e+00
2.230716330229958189e+00
2.253951943906583821e+00
2.265951972137584924e+00
2.320542090336350505e+00
2.392055314055421711e+00
2.432186321334309120e+00
2.495665596997265201e+00
2.516356306994443681e+00
2.519352375252857268e+00
2.557605729910863879e+00
2.673397911944863647e+00
2.686719317617668690e+00
2.703137164252909841e+00
2.719036916464879550e+00
2.732923027073309363e+00
2.760693666265504831e+00
2.770327952480652112e+00
2.778786729983700798e+00
2.804158482943978736e+00
2.821479548931168591e+00
2.843088366186343308e+00
2.846200458381034082e+00
2.887526991812404908e+00
2.920597687147847399e+00
2.957778456985199700e+00
2.977015922173839257e+00
2.995390607539949013e+00
3.037692271605445526e+00
3.053225638801244202e+00
3.088916140072982763e+00
3.104020208427650473e+00
3.154137436877796574e+00
3.178892856030437031e+00
3.222918336152296170e+00
3.240511416111714116e+00
3.243579825384570459e+00
3.255637088754730790e+00
3.270813691364819586e+00
3.284015898195856487e+00
3.315162011413302245e+00
3.389752054961291616e+00
3.457203317775916940e+00
3.581738196107043581e+00
3.587383782821150557e+00
3.662062033995036270e+00
3.724379866439671893e+00
3.773470702683428435e+00
3.786445034574498436e+00
3.851537265646656216e+00
3.855551357646345600e+00
3.864741187759886287e+00
3.870387468066073033e+00
3.883704130417526379e+00
3.888446294029439976e+00
3.897767062815697514e+00
3.907109944229859799e+00
3.915984237113597999e+00
3.928192959300014664e+00
3.944332094891510820e+00
3.954123257383427514e+00
4.055582340569835686e+00
4.072617753010506547e+00
4.135367386757716091e+00
4.161095086643181951e+00
4.177006786584882114e+00
4.202733196611641908e+00
4.238826018004290930e+00
4.261532105298309503e+00
4.275075598418727196e+00
4.322455546466341225e+00
4.369888383270633447e+00
4.408494028938195086e+00
4.470892673414154750e+00
4.508619555212131758e+00
4.542948488605537349e+00
4.614364324325824107e+00
4.641008129638517055e+00
4.718957717456404133e+00
4.726121905685312541e+00
4.733749134008951920e+00
4.741630602450284115e+00
4.758980913317834904e+00
4.765974295338441635e+00
4.767368556208449348e+00
4.771330789603010381e+00
4.784713935703889476e+00
4.808988974877905775e+00
4.820906086620197151e+00
4.839610793340215267e+00
4.900066663153890723e+00
4.939169579626319972e+00
4.949863927747764514e+00
4.950412325244880840e+00
4.953706878987559570e+00
4.985626853671413450e+00
5.068932445451562963e+00
5.099420362206481983e+00
5.131376273905628338e+00
5.187797918281837006e+00
5.198177828734883654e+00
5.243711655416437800e+00
5.267082560544339209e+00
5.268946332051142711e+00
5.287769928692013899e+00
5.302728330695868131e+00
5.312471006843162868e+00
5.370225408537645073e+00
5.392287459643440251e+00
5.458652546874382061e+00
5.484303652982865707e+00
5.539247744928759154e+00
5.584225156821294611e+00
5.626593096820238671e+00
5.645422695104262090e+00
5.726161861678114917e+00
5.843806889465341214e+00
5.851790028592605886e+00
5.876796292706068847e+00
5.898816000518925406e+00
5.919341961462107449e+00
5.924388587117301874e+00
5.938455372129605614e+00
5.981493616027719007e+00
6.023514737157129595e+00
6.058533555402005000e+00
6.058764540682818556e+00
6.076112873974648387e+00
6.131400169636177289e+00
6.184528806669939094e+00
6.201411853004880292e+00
6.218911239502475041e+00
6.258957812805602039e+00
6.306129857571057151e+00
6.308342511680158360e+00
6.310248057229514984e+00
6.340162330837197935e+00
6.345901565493298868e+00
6.393037590482051336e+00
6.438921332714035550e+00
6.449542238976134101e+00
6.461344160635939637e+00
6.490947053428925528e+00
6.525873890460907489e+00
6.541699862421206824e+00
6.568914725108082386e+00
6.613750756344762394e+00
6.726967051381770091e+00
6.729470598657567137e+00
6.729555512468523126e+00
6.764552984637870914e+00
6.825765486371660806e+00
6.827348647810514315e+00
6.894964346706993652e+00
6.917160510039919608e+00
6.921612744227132907e+00
7.083777055585353644e+00
7.135472643762247991e+00
7.164611235014930912e+00
7.175781604175702100e+00
7.305871150678333592e+00
7.309297371248830721e+00
7.315976016013055805e+00
7.324499561658328162e+00
7.332010588462354761e+00
7.401970489406713760e+00
7.407669007635800718e+00
7.481106231624700342e+00
7.498737627264999261e+00
7.522010679024114133e+00
7.575325940258718305e+00
7.648610905738559396e+00
7.675629575477807442e+00
7.692441258055196407e+00
7.692835995076483968e+00
7.697803240340448383e+00
7.738534783107915871e+00
7.790409251617322006e+00
7.816941032861783434e+00
7.857935072146129407e+00
7.947384179639661816e+00
8.049555023244145957e+00
8.134729478590513096e+00
8.146276368773492038e+00
8.215138913123968933e+00
8.247567680636752385e+00
8.267067251219394564e+00
8.282042322117037614e+00
8.404253050929815672e+00
8.431982565640769423e+00
8.609285888426326139e+00
8.613757102524935760e+00
8.741454563344046136e+00
8.786563138531134243e+00
8.840475872203914065e+00
8.870418630145016081e+00
8.887165924480500578e+00
8.889655704095222433e+00
8.960373652104864917e+00
8.972290338379579566e+00
8.984695395084028036e+00
9.030720928398322300e+00
9.033800680834275454e+00
9.063734886032600357e+00
9.110422614172263067e+00
9.114322858354908519e+00
9.160909151599289757e+00
9.216837745634506973e+00
9.247206219116971937e+00
9.272452170791419590e+00
9.275976891691378512e+00
9.289301248180501958e+00
9.303619107991849546e+00
9.365107279409397023e+00
9.396862628613702029e+00
9.523804762373401900e+00
9.562243706794193443e+00
9.590484517527045227e+00
9.632729282503241564e+00
9.662370709978919336e+00
9.674149383467751662e+00
9.736606646652537833e+00
9.853511716509570917e+00
9.921856405120376365e+00
9.924753936171654800e+00
9.926398178189035804e+00
9.935394132415243718e+00
9.935515303428230638e+00
9.976778427797730942e+00
9.980453967747791921e+00
