-1.691221827299283498e-01
-1.331567311670327491e-01
-9.640016225652318915e-02
-9.294503682616869766e-02
-2.348433936569344072e-02
5.853270803979598869e-03
5.858346864445151958e-02
7.914240597302807378e-02
1.132595459600314602e-01
1.169647480598768330e-01
1.955279395793103614e-01
2.116593977326982623e-01
2.737098092693313611e-01
2.811782109007116559e-01
3.413777383994801018e-01
3.732365438675578351e-01
3.891595498936392672e-01
4.428586834600927724e-01
4.598328168901034130e-01
5.092858505499364696e-01
5.139472504420956600e-01
5.387694859506941825e-01
5.539452861687286234e-01
5.665557978183812793e-01
6.051293961612376204e-01
6.496142201099968094e-01
6.649144863645481962e-01
7.090568326310435765e-01
7.195919137416912914e-01
7.546841729703281931e-01
7.650971527197218958e-01
7.774480319705183717e-01
7.906979462770029610e-01
8.116972521274070651e-01
8.739479866976569422e-01
9.617516659482590047e-01
9.690117924916961112e-01
9.748943238112111054e-01
1.054565757316201058e+00
1.083762627847140392e+00
1.108561598341168519e+00
1.164258139620906851e+00
1.310454574975740805e+00
1.325067461696595839e+00
1.381329002060345701e+00
1.398391557919776540e+00
1.410407778851475502e+00
1.433817177493435846e+00
1.527580167740342665e+00
1.560546766737470392e+00
1.587198318367048167e+00
1.588739588068625253e+00
1.604599549724337493e+00
1.620470063719145148e+00
1.656643227040103916e+00
1.687151790900444537e+00
1.723601251260590494e+00
1.741902012682426504e+00
1.762313826590822252e+00
1.773403248619625616e+00
1.794425122312064635e+00
1.804498742468214845e+00
1.917756504632619263e+00
1.945892664368338076e+00
2.069376569455525505e+00
2.096490120833430115e+00
2.103997799929109291e+00
2.115782982147137226e+00
2.129116345983328884e+00
2.145791199319073250e+00
2.196145472426445977e+00
2.256199836064358255e+00
2.268202207673071236e+00
2.275464525484644174e+00
2.279508454246677474e+00
2.306476524252666582e+00
2.327055351281920093e+00
2.376377485886408181e+00
2.404890922013768861e+00
2.420568561297388399e+00
2.440943457466429045e+00
2.441280818215302073e+00
2.480481267436619230e+00
2.498186400687729236e+00
2.506841595620297181e+00
2.543508463620552273e+00
2.581988923873849373e+00
2.642605951663134167e+00
2.718575039909138180e+00
2.786109098895991565e+00
2.786965613647058859e+00
2.858090926704565771e+00
2.869341079667243388e+00
2.921453469752691046e+00
2.978579559267902521e+00
2.989802563490675524e+00
3.005052574548112698e+00
3.034393194657761583e+00
3.043369361098023695e+00
3.070390854399782210e+00
3.114124389054093278e+00
3.147952650432300992e+00
3.186678155177146365e+00
3.218241715073702824e+00
3.242390993096380569e+00
3.257615808141828495e+00
3.263374276058604639e+00
3.322111997677495321e+00
3.323708848607093813e+00
3.339661999835224382e+00
3.353832812191201107e+00
3.369790686800565371e+00
3.413213981543326891e+00
3.414623605382232086e+00
3.416082648158560442e+00
3.417224647042244268e+00
3.446040537059294806e+00
3.456071889072146242e+00
3.501541198458121507e+00
3.515815026132851351e+00
3.541326340068606360e+00
3.546983896705876660e+00
3.607470227261286411e+00
3.698471309641984561e+00
3.738111116159666736e+00
3.759120523810598247e+00
3.768496047636303192e+00
3.800260984760739369e+00
3.855748482375850550e+00
3.855879964292761919e+00
3.913029008571978551e+00
3.968378595087568961e+00
3.989797268837588007e+00
3.997925810274084668e+00
4.037072579829258601e+00
4.040913442202454853e+00
4.104090855467786625e+00
4.107627875241206539e+00
4.123407329110284181e+00
4.193610150384776247e+00
4.226932445406523797e+00
4.247939091071762263e+00
4.252468253343813842e+00
4.503255954372041181e+00
4.518403106090796761e+00
4.569850700494218820e+00
4.577238660632483302e+00
4.693716683428259984e+00
4.793532779992939474e+00
4.811806970685990059e+00
4.840556745096258773e+00
4.908671187512934964e+00
4.940412781299007960e+00
4.944086512795338173e+00
4.967768424567335472e+00
5.030179992147271406e+00
5.063363731862015271e+00
5.085953016560054607e+00
5.280613230253005774e+00
5.313188986481961251e+00
5.337044584795987312e+00
5.345480445365759614e+00
5.359596386432503579e+00
5.453640533804987811e+00
5.560028691117421040e+00
5.632287196819745212e+00
5.736763998314114765e+00
5.753440975317213102e+00
5.831216085629200130e+00
5.875234347384485467e+00
5.922284390980808944e+00
5.925408791616237458e+00
5.975091757390579517e+00
6.186122138652709879e+00
6.303986074366404679e+00
6.334278381471720287e+00
6.367897181174885013e+00
6.422885223108297126e+00
6.454896252641166399e+00
6.467430598426929578e+00
6.480479813615653839e+00
6.491288620645784491e+00
6.495553211659430559e+00
6.535743172248954735e+00
6.562014441357055361e+00
6.563801493913520524e+00
6.632034680188987785e+00
6.680564612720242046e+00
6.685796753144182425e+00
6.732525659634280402e+00
6.734529444083706018e+00
6.797283699243465094e+00
6.851697139992817931e+00
6.859087907798053330e+00
6.929494277779513212e+00
6.942555230216574280e+00
7.058043173538705695e+00
7.063060872002045798e+00
7.069046820560522804e+00
7.083549165080405885e+00
7.177551606441666010e+00
7.186592419182059821e+00
7.186777969146942446e+00
7.190384667600095092e+00
7.242828693945608798e+00
7.263980151407885444e+00
7.264663459288922986e+00
7.312985039085553751e+00
7.318103468084215635e+00
7.323067398705944697e+00
7.358428597934002724e+00
7.361608226175038183e+00
7.467682998359062019e+00
7.494430582088230430e+00
7.515274732347858588e+00
7.539878175938749649e+00
7.572700959148653155e+00
7.598926347704073159e+00
7.642328886504514251e+00
7.646882951347439672e+00
7.666827748166766376e+00
7.730376202951285691e+00
7.745651865662035007e+00
7.791395397510097354e+00
7.814425045707230844e+00
7.833430708293174227e+00
7.932891078062970003e+00
7.990018181692637889e+00
8.069349879228404632e+00
8.152550127086792386e+00
8.197859061444594531e+00
8.214893095950035473e+00
8.231539262666036194e+00
8.283641724277256202e+00
8.296535194543373848e+00
8.300472701708924816e+00
8.333311828572684377e+00
8.395515224054900472e+00
8.395777844190154937e+00
8.505811189548467155e+00
8.507416558879738133e+00
8.567911434346234145e+00
8.575600627657241404e+00
8.627736858827606881e+00
8.655583955582931921e+00
8.695864395138414693e+00
8.717890554975223694e+00
8.744782405959972138e+00
8.853104776270695808e+00
8.864204503704469218e+00
8.888747390359425182e+00
9.043654989463988159e+00
9.093865597872992979e+00
9.123034598590040289e+00
9.236010674144154109e+00
9.325579910342575829e+00
9.353292668231725671e+00
9.417007756785814365e+00
9.430386613543642937e+00
9.477621553347864491e+00
9.509175883939182228e+00
9.584991788328373730e+00
9.585020110376159863e+00
9.687843455045211272e+00
9.688604428037857375e+00
9.720812597095116914e+00
9.721985459073250624e+00
9.749862109250685194e+00
9.755868978245995748e+00
9.760146516760212165e+00
9.760265479551859968e+00
9.768829713948745663e+00
9.781117948865112766e+00
9.804410949003933951e+00
9.894454468776354261e+00
9.923550841702962089e+00
9.933636318528012765e+00
9.939534341540797513e+00
9.949573617067102305e+00
9.953471974140560619e+00
