-1.754440083509389570e-01
-1.604372813106351991e-01
-1.408365170587431159e-01
-1.316801487983175478e-01
-1.254372848482459557e-01
-4.560471264054904994e-02
-2.170859548700054820e-03
1.031270248424123737e-02
1.041489433598100089e-02
2.086047070690746907e-02
3.881309935844121095e-02
5.570224764126596728e-02
7.121541070890380354e-02
1.425228754276001153e-01
1.504155255424690085e-01
2.554275016069529336e-01
2.721422255838399917e-01
2.875829192462912576e-01
4.207782540238497737e-01
4.402019395986292438e-01
4.410412394539061087e-01
5.016980430055038020e-01
5.053992503267490388e-01
5.170268245387248385e-01
5.259279083520076448e-01
5.309352043683468469e-01
5.725073326913809879e-01
6.233501935586134302e-01
6.828147753347009186e-01
7.020204935315821348e-01
7.375515393254503671e-01
7.467281178628326632e-01
7.929088765874057199e-01
8.037465550950753101e-01
8.662728965882440235e-01
9.014115600050884858e-01
9.446550986412758366e-01
9.832500409011852849e-01
1.016390755501394239e+00
1.029475847811715417e+00
1.040807183255468393e+00
1.091876645848484761e+00
1.145800035753915536e+00
1.187279950313763210e+00
1.192634213511485131e+00
1.196870142461490039e+00
1.224870664832913514e+00
1.336738188844426523e+00
1.349010260841116304e+00
1.349786933990857474e+00
1.351072691254536107e+00
1.362297456825058539e+00
1.388460044338963639e+00
1.399689268016734323e+00
1.420049600486605001e+00
1.579474310162163775e+00
1.615072790878536058e+00
1.627691828926899786e+00
1.651905592886250718e+00
1.720560056854797626e+00
1.732822787658332864e+00
1.758042566390731754e+00
1.790860862019065580e+00
1.864025634244834029e+00
1.910919645184119053e+00
1.966204695659220958e+00
1.988589519890616275e+00
2.044193297552391098e+00
2.235145468247083933e+00
2.240423205926767913e+00
2.331470915222208173e+00
2.361727945116740557e+00
2.364268143507540110e+00
2.391461846752248377e+00
2.425080464410410030e+00
2.450408670520850762e+00
2.454588827607125268e+00
2.483277244751386004e+00
2.490471027772637402e+00
2.542388612725562158e+00
2.543318064374364695e+00
2.594015223938949344e+00
2.594622806491717615e+00
2.710454170603043611e+00
2.845104955722342677e+00
2.884444606196554961e+00
2.933488925978747552e+00
2.936398118179340599e+00
2.967471893726001397e+00
2.984366115725533675e+00
3.013345285526459971e+00
3.070947589789644105e+00
3.081209061871701405e+00
3.092373175753832193e+00
3.209558329040876679e+00
3.212975390931537500e+00
3.309036813556120116e+00
3.358559028188591533e+00
3.383107259174877424e+00
3.411605749507026442e+00
3.512262403011777501e+00
3.514534151375300119e+00
3.546283599533766484e+00
3.553510838429045471e+00
3.585203782736534617e+00
3.623665964150100560e+00
3.627484318114849060e+00
3.746781794220390260e+00
3.769627320902434242e+00
3.827648068050745422e+00
3.896626512519460128e+00
3.902565218802583225e+00
3.916412069756479930e+00
3.935840581093249746e+00
3.942940149540100414e+00
3.944283933986294066e+00
3.983715871069103187e+00
4.072366280325383947e+00
4.112715291805716156e+00
4.179839270485386393e+00
4.192651783439804269e+00
4.260294949519891183e+00
4.266909167877065201e+00
4.269795050634759725e+00
4.273073022755076167e+00
4.274989775754480803e+00
4.321777932667534294e+00
4.329171197094330736e+00
4.357909084693687873e+00
4.387656923232341022e+00
4.430450027941573055e+00
4.604250443303844698e+00
4.612615108720076407e+00
4.639769047432891647e+00
4.663492681599169742e+00
4.711124176517253126e+00
4.735582869420322361e+00
4.741603079144359079e+00
4.785123287275071746e+00
4.793027667659325530e+00
4.940140271116872484e+00
4.981950797157768562e+00
5.027910314332917352e+00
5.090042294580907623e+00
5.124490982711314757e+00
5.155964238410631673e+00
5.170348259331411178e+00
5.172271074615622410e+00
5.199229014742023480e+00
5.211065300941636558e+00
5.284153174644865558e+00
5.329345935747443974e+00
5.347557862181245625e+00
5.389484678847733079e+00
5.391636132957584593e+00
5.423954322803647088e+00
5.483683380533810769e+00
5.569135026021560186e+00
5.618199714318496518e+00
5.623850460636772297e+00
5.641273583089272847e+00
5.749182035843221072e+00
5.761884915560588460e+00
5.797100312295551561e+00
5.841699167360849820e+00
5.938143933150634268e+00
5.958623232787332746e+00
6.055434903745661401e+00
6.115861470932014932e+00
6.132803709457704144e+00
6.151635753575233068e+00
6.153256449652116267e+00
6.177423949335452136e+00
6.205123206885158282e+00
6.224245667795791803e+00
6.225898069197577378e+00
6.233445574534982825e+00
6.304843298894048154e+00
6.316090621601464505e+00
6.367701605500557527e+00
6.383625086256992098e+00
6.405833853900626096e+00
6.415985188846692999e+00
6.420161596681356997e+00
6.459790569178398556e+00
6.580186885321428036e+00
6.705459904690133754e+00
6.708011371546899859e+00
6.709575989377293936e+00
6.719444141536318860e+00
6.729568257749682481e+00
6.768216375788234096e+00
6.806533560711867104e+00
6.820433667882817019e+00
6.836422938175273245e+00
6.844919411585983049e+00
6.872158659599191921e+00
6.923195097399188036e+00
6.923842098674485968e+00
6.941010575653919545e+00
7.018432935860916544e+00
7.096913111675314134e+00
7.111828158732155458e+00
7.173067640180896376e+00
7.194793359907103003e+00
7.241877831401628107e+00
7.253749391593081519e+00
7.283738048289715827e+00
7.333656204698518088e+00
7.372466130317907762e+00
7.391813416245001100e+00
7.394566022185379950e+00
7.462139591672953820e+00
7.470531018540087054e+00
7.608423321427220998e+00
7.628219221776295633e+00
7.649621185265266909e+00
7.657536090721316135e+00
7.681472752783273350e+00
7.728843154831785967e+00
7.749546902359962353e+00
7.750750803316315718e+00
7.758738772847583398e+00
7.761549395331797108e+00
7.817421090025427510e+00
7.847298046029487217e+00
7.853649753363082020e+00
7.870749469644153784e+00
7.943887650931604760e+00
7.973787735583344194e+00
8.107519467499537669e+00
8.116320947095871929e+00
8.123048403913328386e+00
8.123838488306832417e+00
8.130671283393292370e+00
8.155557075817956303e+00
8.162129022015966129e+00
8.192054699413469976e+00
8.220210678409493710e+00
8.252707717957319389e+00
8.312965952464507424e+00
8.313663617148019824e+00
8.329263643842114817e+00
8.440532203186366544e+00
8.482392902685544911e+00
8.487724296168845939e+00
8.558978082923937691e+00
8.565566971401107565e+00
8.715431591685632640e+00
8.839100233326002254e+00
8.868573889136806443e+00
8.977383316190692852e+00
9.009855975597025335e+00
9.139342275489731549e+00
9.157453384209036429e+00
9.228491018394766598e+00
9.252704121348918065e+00
9.281244417996445506e+00
9.337205566044007199e+00
9.418729184715292746e+00
9.452627363340706523e+00
9.503741840581964695e+00
9.508790562715050854e+00
9.517548063078766774e+00
9.541717362474509301e+00
9.601581491574858518e+00
9.630456959893715307e+00
9.634043793096433106e+00
9.669757070650579323e+00
9.691774632570918868e+00
9.697402017919918293e+00
9.741153255240295294e+00
9.807608706311308211e+00
9.885250432990089209e+00
9.885681273173961614e+00
9.889786753270804809e+00
9.938132027475230501e+00
