-1.551541150683887205e-01
-1.490935383862778130e-01
-5.453989855193250302e-02
-2.459809686392142036e-02
-1.853261327963812155e-02
3.676385458698119835e-02
9.177199123658130731e-02
2.391988559353824817e-01
2.795478850054683440e-01
2.933545751607639085e-01
3.139989595282925428e-01
3.320725343027641219e-01
3.461236888957693325e-01
3.775725560096589439e-01
3.807485981890924021e-01
3.915259260381983020e-01
4.766926226026966806e-01
4.856609797486912128e-01
5.062469118712478178e-01
5.091357465126125081e-01
5.574091913278984567e-01
5.869484070576389545e-01
5.962684558095447951e-01
6.778461671970095193e-01
7.163564679251754885e-01
8.297818467138013965e-01
8.728750927385309222e-01
9.052637693658660556e-01
9.299967681011493958e-01
9.502423407952185208e-01
9.508394175449801367e-01
9.581889513145145365e-01
9.703696809501252130e-01
9.704329891290031096e-01
9.770904140963097007e-01
1.007803283080464629e+00
1.010931949297370069e+00
1.018652398594693143e+00
1.059947859371488388e+00
1.101041469513225346e+00
1.142275390929433865e+00
1.149125201147486841e+00
1.157819265639984163e+00
1.160726916855171709e+00
1.216805314860008425e+00
1.244049639488612913e+00
1.247335648077073866e+00
1.252460939647252802e+00
1.311556223315822223e+00
1.334380581381721331e+00
1.423065584309724629e+00
1.441553805012631972e+00
1.458536766910461857e+00
1.468458333341373212e+00
1.499023250107420990e+00
1.518968956594185515e+00
1.548468452543156682e+00
1.615515581383200727e+00
1.723671011806139353e+00
1.725113889631330721e+00
1.749004537419468930e+00
1.751677381858126825e+00
1.816401300550437137e+00
1.917425393468262351e+00
1.928955345677082045e+00
1.983951922979257487e+00
1.985919603321991245e+00
2.028498822337791552e+00
2.049001339393059506e+00
2.071889225790427336e+00
2.133202308144784176e+00
2.151536006466411521e+00
2.183414542358097066e+00
2.185841119217168060e+00
2.272997086451903570e+00
2.282321464819832002e+00
2.304264026928940723e+00
2.326338734146180531e+00
2.350569079190218069e+00
2.412696354613059757e+00
2.443249869028607524e+00
2.569853074745320320e+00
2.612328919485548795e+00
2.668425791965042482e+00
2.690953842373972726e+00
2.695661481101149892e+00
2.763782194093689970e+00
2.825200250179143779e+00
2.836033211073882399e+00
2.911324561641968955e+00
2.953799991143990944e+00
2.954450856977495654e+00
2.955222944066401070e+00
3.060817696088138362e+00
3.064451733209432760e+00
3.075190261310209561e+00
3.104280723091416672e+00
3.167599526945631627e+00
3.191485118092751705e+00
3.228246903107747645e+00
3.254717759463633620e+00
3.269029580244163569e+00
3.278403918731377154e+00
3.281269806078214391e+00
3.304683313599164229e+00
3.354552976304401302e+00
3.381386131277964502e+00
3.394345181165177028e+00
3.420888010033701132e+00
3.421170911401564041e+00
3.531557084090139131e+00
3.591967114423631813e+00
3.597313782459235387e+00
3.620556319732152861e+00
3.698987551305398469e+00
3.773118799991654448e+00
3.826198296875129579e+00
3.830375802096396498e+00
3.856349591352677741e+00
3.861924238181230429e+00
3.870549986457912262e+00
3.875891174725043520e+00
3.927658101403252111e+00
3.962119327054660189e+00
4.023545367617284541e+00
4.116560560786870049e+00
4.123399361712386302e+00
4.134468243867596371e+00
4.270565864935778500e+00
4.367051608619603620e+00
4.389280045658010998e+00
4.395971295016980918e+00
4.412955961674646765e+00
4.443080774977938852e+00
4.488573374978017227e+00
4.559653261501908084e+00
4.603842216424042455e+00
4.623021149741484592e+00
4.675999789184707822e+00
4.758750678054349592e+00
4.888757294959882316e+00
4.913164220515179537e+00
4.917601056421369243e+00
4.948884591345696471e+00
4.950538702869497598e+00
4.973762001038013025e+00
4.986645914555052350e+00
4.998781507295400495e+00
5.017003636156930568e+00
5.032355156381674632e+00
5.050434196651812258e+00
5.054695428532236079e+00
5.092853184160748725e+00
5.113270150882204490e+00
5.116617174410900581e+00
5.118304265807921638e+00
5.135356921424026666e+00
5.135530983989049503e+00
5.141468437409484338e+00
5.159522816188820471e+00
5.167402677234643527e+00
5.177054996290914701e+00
5.270057843697035338e+00
5.293965001582642493e+00
5.364299164598965497e+00
5.441779934759844117e+00
5.452597731203754350e+00
5.503337439427831157e+00
5.515911480039647152e+00
5.539576349417156820e+00
5.542116765811105239e+00
5.543238315716452647e+00
5.544095010400252654e+00
5.563690340271482349e+00
5.578430021302232866e+00
5.603924593835030166e+00
5.619083035408299232e+00
5.632455688282406392e+00
5.682878656252282390e+00
5.695642923750105169e+00
5.717529278525566916e+00
5.754118509960004957e+00
5.808952256436913153e+00
5.811257052862792705e+00
5.822067365115827897e+00
5.845106338782637856e+00
5.948019542905674584e+00
6.036388158129789794e+00
6.051560499094406076e+00
6.052183632782223377e+00
6.059433267771280107e+00
6.164338782811838335e+00
6.212995955225466993e+00
6.216988973161766019e+00
6.266298330107176184e+00
6.343857339453090383e+00
6.352327927267775287e+00
6.393518537868714269e+00
6.462741915727327147e+00
6.490502417290251458e+00
6.622083225338418977e+00
6.623084759664982890e+00
6.640118336935571186e+00
6.641482951898632692e+00
6.654957945436749789e+00
6.690977530347196556e+00
6.748357189348254792e+00
6.885003456198171001e+00
6.903480907075528528e+00
6.931597872434449137e+00
6.970413862806304373e+00
7.080155289233813320e+00
7.091526444800647866e+00
7.123450634170925611e+00
7.124425507770011379e+00
7.133589785121666083e+00
7.236395007647429267e+00
7.245660883174874556e+00
7.310690389919087373e+00
7.310970222704915145e+00
7.345054431329204547e+00
7.357978918074023156e+00
7.457247857522847134e+00
7.497903781914800447e+00
7.502170694127262784e+00
7.535731598777942963e+00
7.551016312978078737e+00
7.555601483746751335e+00
7.569015674825003259e+00
7.582904405481444066e+00
7.729784534774911009e+00
7.752693848830974233e+00
7.816655508022635424e+00
7.832585168036129808e+00
7.834626793822441648e+00
7.838719142042086752e+00
7.884993333391181913e+00
7.898094384413457014e+00
7.902477528923564698e+00
7.917954202761264604e+00
7.938752247774496063e+00
8.058168464692004207e+00
8.085256459623872516e+00
8.097861614700363475e+00
8.106549738977744113e+00
8.139920296761427920e+00
8.183494172279905499e+00
8.216930970159983971e+00
8.277682992019931518e+00
8.326620618192967171e+00
8.348978349566683832e+00
8.361299413765172162e+00
8.410774083313263816e+00
8.419681060632999703e+00
8.427048211367617725e+00
8.462315670393666167e+00
8.468087644119050239e+00
8.474818238598897935e+00
8.491342719952996276e+00
8.513294174260797931e+00
8.515488554554504930e+00
8.612040013940783112e+00
8.612797504437216034e+00
8.633135572205565822e+00
8.735727988596185156e+00
8.764639824142445690e+00
8.774087357033122814e+00
8.776330610483920935e+00
8.782089109321187692e+00
8.786223462137961349e+00
8.861377265188680852e+00
8.897606562277244890e+00
8.912762876620316632e+00
8.994918620136036935e+00
8.999601559031004783e+00
9.016809457926836302e+00
9.162395428295045718e+00
9.221535085329671588e+00
9.222550183913938326e+00
9.287592791537509385e+00
9.290944466149220204e+00
9.300200328413538386e+00
9.311682652827151685e+00
9.350083573790632485e+00
9.428371938607726932e+00
9.435081921832432883e+00
9.489288506631565312e+00
9.664617406005483247e+00
9.677028082946266707e+00
9.689762487093197763e+00
9.692778055531235282e+00
9.731434856808689915e+00
9.737279644869456519e+00
9.800632532652549855e+00
9.803301327606883220e+00
9.831591036375728621e+00
9.841437392178466581e+00
9.969732394041999513e+00
