-1.330077019368057223e-01
-9.870906807556729945e-02
-6.901780078680491703e-02
-3.934047513502478277e-02
4.364505019809505892e-03
9.014799172970006103e-02
1.065620409351223374e-01
2.120931278273419096e-01
2.792960367200094662e-01
3.272403501264145587e-01
3.284389706823966359e-01
3.313464610614395567e-01
4.076404537381898563e-01
4.923045721135707598e-01
6.249138281610666645e-01
6.366022972407652247e-01
6.575558799947571753e-01
7.701958878859203050e-01
7.896192969619968416e-01
8.024241783165797504e-01
8.036666800573082359e-01
8.634771888360264214e-01
9.521879536282431555e-01
1.030361754503229754e+00
1.062381833337203041e+00
1.084309960530708272e+00
1.099209059788184506e+00
1.123345570043076780e+00
1.133087142367409816e+00
1.135180201165468361e+00
1.156708436906170201e+00
1.172783535766727780e+00
1.206381064242429746e+00
1.218744292375531169e+00
1.251617445022289443e+00
1.288587968595726663e+00
1.341075612042714305e+00
1.364660800329814627e+00
1.375350090061123742e+00
1.418195902031371469e+00
1.545261055485060542e+00
1.689654279384743774e+00
1.715171589980242217e+00
1.726450200166847138e+00
1.745892281721286521e+00
1.826586634138038123e+00
1.830497291377170876e+00
1.873025341880815153e+00
1.969510564905874839e+00
1.994705709335635513e+00
2.020093942649182850e+00
2.072874719894846507e+00
2.112651417849616742e+00
2.159988822769852490e+00
2.264501510261753836e+00
2.287687614153804283e+00
2.317879919003553724e+00
2.322245205972685689e+00
2.338091756179738745e+00
2.355270520719997318e+00
2.364415281427601823e+00
2.429932932785151323e+00
2.443877514027420261e+00
2.457233373866238413e+00
2.500438971582485514e+00
2.523405952998329038e+00
2.654493688613438263e+00
2.675553019363509755e+00
2.696305071269627263e+00
2.699217985815331122e+00
2.711838307900834355e+00
2.749779522738810655e+00
2.852832563395133469e+00
2.893047062282235071e+00
2.918458038216692252e+00
2.966674947908491955e+00
2.988774003967892945e+00
2.998528201769675938e+00
3.128731613103227449e+00
3.131000307834246765e+00
3.134419093770477005e+00
3.155680490748212108e+00
3.188305191951596562e+00
3.193341060413947829e+00
3.195797925861162625e+00
3.239479800086328076e+00
3.271364105958802337e+00
3.306619455221852188e+00
3.378040629202246237e+00
3.384558005028155403e+00
3.386126257008514884e+00
3.431662225697344137e+00
3.441933124841517699e+00
3.453383055283543168e+00
3.538969085640875090e+00
3.589197189222364859e+00
3.626296442929517472e+00
3.643636940973669081e+00
3.684039339482341191e+00
3.685151287089999617e+00
3.691205492511200337e+00
3.704402172748499922e+00
3.707746860967691571e+00
3.743831205014500618e+00
3.759961259966156266e+00
3.765191769255939125e+00
3.805372652181916671e+00
3.829350259918823163e+00
3.878366103260343145e+00
3.912062677924255993e+00
3.935986337721212536e+00
4.048615942002533608e+00
4.112899791609709865e+00
4.187558136677958842e+00
4.203306639777665055e+00
4.209286378567613340e+00
4.269343733274098440e+00
4.344552137688929783e+00
4.348877550321974539e+00
4.354477486966501942e+00
4.486976731313877309e+00
4.525231923746633633e+00
4.538387888845123896e+00
4.560566098388183498e+00
4.576004034280663824e+00
4.590855533148832102e+00
4.735787499551268986e+00
4.737799843661978372e+00
4.817062178310975717e+00
4.951928821296700534e+00
4.971822403432046400e+00
5.039009477567196527e+00
5.051868808493956031e+00
5.060360222426973031e+00
5.060522623568876277e+00
5.106071527510717800e+00
5.109579608320817812e+00
5.205854047355920500e+00
5.263078229617579318e+00
5.380011132606197677e+00
5.408788686931341516e+00
5.436645803056505244e+00
5.471685365221385489e+00
5.476397108384758461e+00
5.494092095262042896e+00
5.538822029754415510e+00
5.594195666121385635e+00
5.605993221902298984e+00
5.645810134634192679e+00
5.700991302369395441e+00
5.702386360469207105e+00
5.710173678831841571e+00
5.713651731011040624e+00
5.716034880081371838e+00
5.814116799625482557e+00
5.820589362440158787e+00
5.846656432071374532e+00
5.908799751297313385e+00
5.919087579572247293e+00
6.015327808363721829e+00
6.016481526276823644e+00
6.020536000354050010e+00
6.044506177349759923e+00
6.055359159792869761e+00
6.098279305361249847e+00
6.108446287447558909e+00
6.137006386739082053e+00
6.154566318065871400e+00
6.230501291236754113e+00
6.290521479859208398e+00
6.310533181658398050e+00
6.328635556812131746e+00
6.329283363153824560e+00
6.377946293297995339e+00
6.404943963711622779e+00
6.440791341566869832e+00
6.463438711064832809e+00
6.466368540589645164e+00
6.499809393522334666e+00
6.572010880464649318e+00
6.642036204200922889e+00
6.692137949780322614e+00
6.784347494220479113e+00
6.942435061152752773e+00
6.967537577688137418e+00
7.001818027200435779e+00
7.045053644606238841e+00
7.050627837085416516e+00
7.058781173279292886e+00
7.082965882015514580e+00
7.086977799295380187e+00
7.104270681385809638e+00
7.120938040547160064e+00
7.125911897486228774e+00
7.129581972936520629e+00
7.135716495037669027e+00
7.159030812150899870e+00
7.185284388331089289e+00
7.198980205651832165e+00
7.249504915925202297e+00
7.282399829070389963e+00
7.382721328597154020e+00
7.399375594379576704e+00
7.491984779655003202e+00
7.654591636874606309e+00
7.701854900911627055e+00
7.723621365661383464e+00
7.737630662604447984e+00
7.749557773915553227e+00
7.807850117446835547e+00
7.817275205221412726e+00
7.880326435928387774e+00
7.925456031916088939e+00
7.944801000091126220e+00
7.980804673502650992e+00
8.015820543418195498e+00
8.025642663709138702e+00
8.032530832499711337e+00
8.074113338205393120e+00
8.083339364543013161e+00
8.124391714017320965e+00
8.177042099663374586e+00
8.192092000584709766e+00
8.216769876446889498e+00
8.221367653836878731e+00
8.239586569029274443e+00
8.275270277012499065e+00
8.326673644526634277e+00
8.336532238795133054e+00
8.373114387011993287e+00
8.400365405410349595e+00
8.406528772368890401e+00
8.410232516611552356e+00
8.423897565881162564e+00
8.429501490621660764e+00
8.453761426513924704e+00
8.480849225056523721e+00
8.485363249037852995e+00
8.580761107579442992e+00
8.596625617786751050e+00
8.634189747895932854e+00
8.670948747131514978e+00
8.685465260591838543e+00
8.687555933506518002e+00
8.694534072938289171e+00
8.706183935664467910e+00
8.713807497108696509e+00
8.735615771080368575e+00
8.751213344898133073e+00
8.850118507264383538e+00
8.879518156568821041e+00
8.990556271939695421e+00
9.005344431274565409e+00
9.008915610308372734e+00
9.015062852623643153e+00
9.056532553195108193e+00
9.115111481203067356e+00
9.178162248097512688e+00
9.274889478405009768e+00
9.293210233291739897e+00
9.299857841686302251e+00
9.321758286640870139e+00
9.393036791429894450e+00
9.411050516210053729e+00
9.433934051011613420e+00
9.535243731966108527e+00
9.547263748161249453e+00
9.563205576859573398e+00
9.592113475171508696e+00
9.664141119832805771e+00
9.673392103143294563e+00
9.749484137528972028e+00
9.756944298549431238e+00
9.771246898704873729e+00
9.788823505889714838e+00
9.795581929328047721e+00
9.796320287633257351e+00
9.810530740961823426e+00
9.811433089230286342e+00
9.844196946512072444e+00
9.897059758192266798e+00
9.990994095101923378e+00
