-1.988833820085719184e-01
-1.711638846443389317e-01
-1.622526298744450535e-01
-1.446939788052826747e-01
-5.216901074729435317e-02
-1.761031228627235601e-02
4.903088033537364443e-02
1.208910306388457090e-01
1.512385436128345639e-01
3.374981606841754300e-01
4.536995289339710857e-01
5.128192742805384174e-01
5.888393147482791079e-01
6.477228611460423835e-01
6.773551859537845221e-01
6.887100901157852118e-01
7.098682151631070525e-01
7.593346712783166641e-01
7.944917711105077274e-01
8.204455958436238650e-01
8.794800679942860189e-01
8.862490320675548983e-01
9.002779644496272660e-01
9.295928844544212311e-01
9.377681766321841472e-01
9.549875826369618181e-01
9.580613898442356113e-01
9.597511180525644114e-01
9.827938282039385687e-01
1.040489573653648137e+00
1.094633978443343647e+00
1.128045271343560474e+00
1.149600553330231367e+00
1.166701441260695082e+00
1.167022671272516687e+00
1.169244850930292845e+00
1.177334860561262131e+00
1.239365987044097617e+00
1.241934003962186450e+00
1.304910397375928621e+00
1.347066142253803278e+00
1.358024021127412606e+00
1.364849973225774393e+00
1.375731839402029477e+00
1.375760080091996906e+00
1.406399274749272843e+00
1.453924919772965785e+00
1.461826214708573879e+00
1.482574699931357820e+00
1.624727710125631885e+00
1.653500885660829312e+00
1.662862764317048603e+00
1.705881609653246977e+00
1.747864238952020477e+00
1.843853430391601433e+00
1.983903670849061607e+00
2.020712257904478726e+00
2.088307027249282743e+00
2.141595308249465646e+00
2.174968958177452727e+00
2.304218384907600115e+00
2.325781244753482913e+00
2.332988610147044728e+00
2.483826481108828421e+00
2.508930969086223595e+00
2.520370400307192504e+00
2.528192823880043072e+00
2.531403691072386497e+00
2.534466618136751226e+00
2.541921637451299620e+00
2.552502632380488468e+00
2.565069079211062419e+00
2.573108054707258674e+00
2.581996824649265942e+00
2.585521441547405264e+00
2.588542559891997552e+00
2.602815699010689876e+00
2.615929233126183195e+00
2.722424332279143044e+00
2.730761954160831451e+00
2.777723882715931847e+00
2.796785246150939042e+00
2.859672157268135617e+00
2.875189929611236650e+00
2.901339784769968233e+00
2.904952315362485216e+00
2.931206534759998927e+00
2.935655737024102763e+00
2.957697796015302139e+00
3.004450570099788997e+00
3.099272816331525071e+00
3.105037770419631471e+00
3.119354982164229906e+00
3.137392475970233185e+00
3.184676659114598518e+00
3.253542486833585379e+00
3.300591126827187693e+00
3.317463714701736954e+00
3.397540428206149876e+00
3.439600386505206053e+00
3.479574222953913498e+00
3.482061438488976979e+00
3.520098574117920265e+00
3.561583467826618499e+00
3.574641748849387568e+00
3.590446541649391143e+00
3.593923161826840129e+00
3.595212956769926915e+00
3.746424486311916713e+00
3.751566424896650709e+00
3.772817258978506949e+00
3.789893159135297118e+00
3.811911798608447199e+00
3.814842488485589378e+00
3.850378733511071516e+00
3.938639292467444264e+00
3.944553801178215302e+00
3.955315853164833584e+00
3.964601285780994466e+00
3.982500003423424140e+00
4.039926454240813314e+00
4.043638556811083973e+00
4.086458929907954563e+00
4.102480584327889979e+00
4.104196590392103161e+00
4.120745693804988896e+00
4.122940711149126969e+00
4.135150645332732466e+00
4.164875128896841971e+00
4.172737041389981805e+00
4.182765710993280983e+00
4.222139133462736282e+00
4.246271079076345600e+00
4.264762541971394150e+00
4.270301154981387626e+00
4.286036265036970327e+00
4.308035911468494739e+00
4.398393904345443417e+00
4.492047791763163822e+00
4.495302804648713568e+00
4.586674715021605842e+00
4.600004301808327867e+00
4.618586988846575814e+00
4.631417547289645498e+00
4.634069632290099605e+00
4.800360458714736822e+00
4.839440914526622173e+00
4.865961836259148576e+00
4.877848649061888864e+00
4.995369570473076060e+00
5.050227827510306966e+00
5.094755795234066298e+00
5.107029682590049191e+00
5.143289462569573978e+00
5.194045117144143298e+00
5.203717321469898849e+00
5.215671693392327057e+00
5.241131624600183336e+00
5.299334983462753002e+00
5.316030400250292942e+00
5.376766990626220100e+00
5.448281045357427743e+00
5.458141863172736308e+00
5.555063039167449368e+00
5.578912522462170287e+00
5.604244298235929733e+00
5.623613781614415608e+00
5.669893593879510085e+00
5.688538478292450407e+00
5.717255590667628340e+00
5.723692337678848219e+00
5.724984825202318994e+00
5.768420829381434523e+00
5.854053149477297602e+00
5.880926592834097022e+00
5.901032063191975929e+00
5.933838862540432579e+00
5.943710326557461343e+00
5.959982887911429827e+00
5.960749914914506675e+00
5.982272688162336927e+00
5.993566280088771236e+00
6.018241572317091226e+00
6.053291196747229819e+00
6.056264219965660445e+00
6.057500745902569150e+00
6.093897548179734613e+00
6.123420069402013333e+00
6.127603163700228173e+00
6.190301216626062697e+00
6.199980424837431059e+00
6.218014845762697362e+00
6.236848786029485225e+00
6.241600767600131938e+00
6.286414401216725345e+00
6.354530809521463652e+00
6.360556236832642263e+00
6.384817148129806164e+00
6.389942175640849875e+00
6.405831447406082901e+00
6.465534799778658304e+00
6.504572802438581824e+00
6.543051516987337557e+00
6.595245172623355856e+00
6.623150432110699981e+00
6.639494433769412396e+00
6.687861198600112189e+00
6.699075243371179766e+00
6.712954405866760510e+00
6.744135984176717891e+00
6.750666380371639796e+00
6.775061658216460891e+00
6.779683746806648870e+00
6.889642608865043982e+00
6.890911591932667335e+00
6.904858306077714225e+00
6.915597451604554635e+00
6.926560597057267010e+00
6.928078407687872975e+00
6.958498283900282466e+00
6.969283058937751463e+00
6.976590339492443782e+00
6.983231158962193597e+00
7.063170122797072459e+00
7.093945734495210154e+00
7.187265535736512945e+00
7.189945867817330694e+00
7.217247029560175164e+00
7.287941007922830394e+00
7.349398785837315984e+00
7.358027069961062594e+00
7.359074446868913100e+00
7.367113713462199343e+00
7.387031715158077105e+00
7.405652466660021638e+00
7.411539304175711607e+00
7.446119543445555600e+00
7.449178825650584201e+00
7.536438104583016440e+00
7.608453499493421646e+00
7.614062916145701188e+00
7.648114876945413698e+00
7.666732072225767247e+00
7.675034500235023316e+00
7.690224270178226185e+00
7.737285379941216235e+00
7.737791009162063638e+00
7.744151625014032092e+00
7.760107716510629139e+00
7.888642887026793282e+00
7.950928901731709963e+00
8.029381025261095317e+00
8.082576988194034584e+00
8.092081576255122144e+00
8.154758638045439767e+00
8.189857053056254443e+00
8.220562696867231622e+00
8.239894071070857251e+00
8.261149904051912074e+00
8.322480121191151881e+00
8.358580702882898450e+00
8.412516263814612927e+00
8.440868676027946549e+00
8.447589194873490470e+00
8.459108479057693586e+00
8.491214209755431952e+00
8.546988490386700832e+00
8.548880616281758549e+00
8.574636196062609628e+00
8.576622791179929095e+00
8.634354708772203679e+00
8.660962927889260143e+00
8.691909249284464067e+00
8.817349996502949594e+00
8.881674381460520351e+00
8.892029404831601980e+00
8.978687676577884247e+00
9.001966953999946952e+00
9.082037443343265792e+00
9.099466243612866378e+00
9.128770510943912342e+00
9.138625687963235933e+00
9.144481870700413850e+00
9.182906571572043930e+00
9.187151727705623827e+00
9.227718595174122740e+00
9.242197590488123282e+00
9.268765124095160957e+00
9.276078536971811062e+00
9.332647504296367913e+00
9.370356767522398656e+00
9.371092067451284535e+00
9.406447380394503455e+00
9.408490878062563567e+00
9.420253460860491757e+00
9.432037376774538018e+00
9.454740526007523016e+00
9.478090542359202786e+00
9.479347933492370260e+00
9.500851067343148770e+00
9.586463484639569543e+00
9.588143804250229607e+00
9.599099537701837548e+00
9.614153864393040649e+00
9.616731562631514407e+00
9.681486081813648781e+00
9.697849050092775869e+00
9.721395007082600515e+00
9.784745616380584821e+00
9.805137929895565208e+00
9.810597891219174471e+00
9.855160586773573428e+00
9.857873977563265555e+00
9.860668339526192483e+00
9.890285482334668643e+00
9.928727766926300546e+00
