-1.406327955489462822e-01
-9.914228369579826394e-02
-8.487106354814706599e-02
7.434343488509603803e-02
7.933783423993800987e-02
8.890748717625168718e-02
9.115336191351480766e-02
9.372516068027136882e-02
1.051052349111756268e-01
1.141907307049730425e-01
1.174614621437496398e-01
1.770369924362824032e-01
1.926280249753985485e-01
2.754038448114360937e-01
3.597628503422319324e-01
3.788082538031236068e-01
5.606548068948460362e-01
5.859678103600702848e-01
5.943439194755597565e-01
6.127185139424640159e-01
6.425865161219330712e-01
6.572171903741734766e-01
6.926647696843868385e-01
7.059126016673975546e-01
7.348980149842310183e-01
7.632002178491685829e-01
7.774726689881998887e-01
8.237843003461273739e-01
8.354807244995583471e-01
9.521858869042363338e-01
9.859600708642908273e-01
1.073786416666973720e+00
1.082562763186617927e+00
1.117533902985490046e+00
1.128316881624374490e+00
1.140833033741361469e+00
1.156265597371258114e+00
1.210917319997064867e+00
1.224660129996769209e+00
1.242303310188804355e+00
1.266015039743315640e+00
1.281303328193831303e+00
1.317979068320245473e+00
1.329250683540906364e+00
1.355125817400793187e+00
1.355703020765966382e+00
1.419897980040288665e+00
1.442093295657097318e+00
1.455763471009627441e+00
1.469715277673189879e+00
1.513662900042646031e+00
1.539328520601332073e+00
1.630304670830885927e+00
1.641529998526866985e+00
1.664450762913757931e+00
1.672690544183279338e+00
1.702550371405098018e+00
1.735432485994627072e+00
1.843587853204782467e+00
1.882501601098963695e+00
1.912351781824572994e+00
1.932191063483849502e+00
2.012604231307973723e+00
2.034383395253376303e+00
2.115541096324006887e+00
2.120119482714058368e+00
2.139931799470506490e+00
2.144943818347273545e+00
2.172707038736783947e+00
2.182430518689736587e+00
2.196823749302440731e+00
2.208472996866779337e+00
2.273496711166006268e+00
2.363913500000587309e+00
2.373485205696714395e+00
2.418819727347250925e+00
2.452824858873806857e+00
2.492518886578574122e+00
2.545255160904899672e+00
2.573977758095856050e+00
2.581830121706648828e+00
2.634407242915967284e+00
2.640068862517298776e+00
2.680948456353782650e+00
2.696032412738064821e+00
2.839003439518672067e+00
2.957623972127963352e+00
3.008206778182812791e+00
3.011965691924871180e+00
3.017219695357921339e+00
3.029808039975115719e+00
3.054552010559820285e+00
3.077216291154208250e+00
3.124159478791490141e+00
3.161185844592205196e+00
3.184004916813822028e+00
3.215960621120523832e+00
3.250344380343478612e+00
3.266018033983044244e+00
3.282942627230613919e+00
3.297194804219400588e+00
3.330275007932790299e+00
3.333793289057643605e+00
3.482268055774217608e+00
3.486741438853370401e+00
3.491204358236994043e+00
3.500740688433693570e+00
3.524610930131428788e+00
3.527602446651710633e+00
3.539633273639058775e+00
3.541142249283283583e+00
3.618633500285207472e+00
3.632828760584501993e+00
3.637282275588527458e+00
3.725149027488047881e+00
3.797287817844638980e+00
3.804795339403984400e+00
3.815390119574013639e+00
3.820578418642953444e+00
3.836525193653520738e+00
3.869901617657237836e+00
3.879298368063147429e+00
3.940611615553876845e+00
3.949891050285597061e+00
3.972249710197135464e+00
3.993852048530055043e+00
4.003466915153558681e+00
4.119827806188561148e+00
4.193588436014493936e+00
4.202560660410964211e+00
4.206265416816157732e+00
4.211945986355261518e+00
4.213038073011088791e+00
4.236745980216142904e+00
4.252816807237465468e+00
4.318457106167975290e+00
4.327723457280670871e+00
4.340852422421476398e+00
4.347660398007389126e+00
4.353466199205173304e+00
4.380101137234663433e+00
4.388870124000560757e+00
4.402006195078376649e+00
4.442177978082106016e+00
4.444044999749318769e+00
4.489783632699896998e+00
4.543963886280574904e+00
4.550722811821848346e+00
4.590050338040585487e+00
4.635169499583847497e+00
4.658627923898373879e+00
4.729463227744432174e+00
4.794137030353439854e+00
4.844385346042503038e+00
4.879261584973646038e+00
4.922636892443634338e+00
4.958347325556237806e+00
4.983953531057785824e+00
4.986464451788030772e+00
4.992091432887354685e+00
5.009386778847326305e+00
5.116745795392734664e+00
5.133398497759247725e+00
5.136757683772060545e+00
5.137469610432782829e+00
5.150406913818973642e+00
5.181879452505619099e+00
5.221334489447624350e+00
5.307887930761664208e+00
5.337110366348545298e+00
5.341449911896979152e+00
5.379809585615556777e+00
5.380037572428253867e+00
5.417601431696946968e+00
5.435631604791052673e+00
5.454023015980653533e+00
5.461966657015464577e+00
5.463544743452683150e+00
5.494087579214572692e+00
5.501064293113875792e+00
5.512806186689046761e+00
5.534424563682796894e+00
5.553895594374401057e+00
5.607090200705311389e+00
5.660491943281941829e+00
5.664530303634710329e+00
5.682472810298694554e+00
5.720498566561436959e+00
5.765491133979334215e+00
5.771483200817071335e+00
5.782654345814111529e+00
5.818877974411307719e+00
5.825918113763767892e+00
5.826545003517962229e+00
5.841865725111894392e+00
5.843911532294786326e+00
5.852667695539145676e+00
5.884035437955199122e+00
5.919349091952160080e+00
5.932876508858440090e+00
5.946901130033078076e+00
5.962338304053506732e+00
5.974386250736166026e+00
5.976257948598169278e+00
6.002251749878849019e+00
6.004798153727864296e+00
6.032306239543245852e+00
6.039907868309369654e+00
6.099178315549364626e+00
6.109653885600608625e+00
6.111163615969958052e+00
6.116686488789111031e+00
6.173026610553677074e+00
6.185088504067278059e+00
6.276662249815184502e+00
6.285502309252391839e+00
6.287147769871797465e+00
6.333294090069208515e+00
6.388460122935681440e+00
6.413608315760272127e+00
6.462357959442059041e+00
6.536786892954954631e+00
6.656430034761719128e+00
6.703060144713976598e+00
6.706486194449023941e+00
6.734783228229723306e+00
6.744144275099258401e+00
6.819345900748688294e+00
6.835029203465167846e+00
6.945496737356651629e+00
6.960999566834042085e+00
6.998224017698936095e+00
7.037709509554503917e+00
7.048038303583417985e+00
7.051078384395653487e+00
7.097103742859615316e+00
7.125544462822358760e+00
7.163694799322700923e+00
7.221233928253091072e+00
7.225997266418034748e+00
7.274673296153816970e+00
7.307555604577016695e+00
7.323142786228436840e+00
7.336444091461541639e+00
7.336987494589092940e+00
7.347611914792630650e+00
7.470448706298832064e+00
7.483500914205847288e+00
7.540208018518550936e+00
7.551642382325127301e+00
7.586882806641616739e+00
7.597228546109156433e+00
7.610091967601136709e+00
7.652078364824228984e+00
7.658705368245930067e+00
7.707035155295706375e+00
7.740465086648089965e+00
7.784810712418328116e+00
7.810053403676454842e+00
7.816642432090479709e+00
7.822354785733526050e+00
7.946987911838237828e+00
7.973008950859502342e+00
8.050093341521392887e+00
8.131995824064304657e+00
8.140521068553217887e+00
8.200648088298715166e+00
8.254461028098623032e+00
8.259944696391125163e+00
8.314719609874153150e+00
8.340135331242592542e+00
8.349417998386137185e+00
8.357075946546315137e+00
8.448003286986981664e+00
8.450834446981398074e+00
8.466788773639438048e+00
8.470198233772663343e+00
8.528102886005965999e+00
8.541606717376019731e+00
8.556513906993028939e+00
8.582642589147075896e+00
8.590107980447490021e+00
8.655008831755585774e+00
8.678693342915133613e+00
8.693763982884727071e+00
8.708561695575941286e+00
8.712379426970215945e+00
8.748623773466748688e+00
8.837391767470437642e+00
8.880119095198461210e+00
8.960345882345846391e+00
8.996453756387651879e+00
9.036810752462516305e+00
9.041477661705163982e+00
9.051221691999955965e+00
9.056617844316258825e+00
9.131303601044013618e+00
9.144438536194815725e+00
9.159928553447333144e+00
9.178621332365802132e+00
9.202420026337456704e+00
9.221824759114293002e+00
9.348660725808244365e+00
9.430631318856118384e+00
9.436094341833511479e+00
9.516708922340196608e+00
9.619668741688775171e+00
9.665586056585896202e+00
9.717181887389104489e+00
9.728308851565111937e+00
9.780220569593053526e+00
9.784086121832391569e+00
9.798127328286151183e+00
9.800322184381480284e+00
9.823150808612099993e+00
9.830699390236052437e+00
9.840634076638272276e+00
