-1.441946254667795524e-01
-1.111387449309437225e-01
-8.044851299883719331e-02
-4.848328917078220668e-02
-4.798681535962157074e-02
-3.545106621782512235e-02
-2.463485975084137025e-02
-8.400976281714933602e-03
-3.857859067642438466e-03
9.535977616642815624e-02
1.038385494081338067e-01
1.335979386191265550e-01
1.594503683171140107e-01
1.666831318854136157e-01
1.698616038979548493e-01
1.894017060607494640e-01
2.507329416523882415e-01
2.536944186665149870e-01
2.575560079809293690e-01
3.128095786409946233e-01
4.172522937871201987e-01
4.300692439019621616e-01
4.426820129418007066e-01
4.976332179404754918e-01
5.558396722605436491e-01
5.634296074464042459e-01
5.997981072498317356e-01
6.271271710453010240e-01
7.157538675705343856e-01
7.311125655264645307e-01
7.401140222566175986e-01
8.001809001079167594e-01
8.186755631184996496e-01
8.243331232819919308e-01
8.297492928466529971e-01
8.575670683086527024e-01
8.686919615101234005e-01
9.116114322288719762e-01
9.157289799687728937e-01
9.428769450527456630e-01
9.435246448233203242e-01
9.696128617429182750e-01
1.019511972902033881e+00
1.030825480673593253e+00
1.066730850616287363e+00
1.167754148201894271e+00
1.219628936694902688e+00
1.263562229737619003e+00
1.293798227345514418e+00
1.293902535401633580e+00
1.325285560139081831e+00
1.367297011666217532e+00
1.377975944846379530e+00
1.457205270609393422e+00
1.477659678182657199e+00
1.489390464431957550e+00
1.494921746559252140e+00
1.502186159690051648e+00
1.521840322872734186e+00
1.552905470335946392e+00
1.557046510968032704e+00
1.575135859345688116e+00
1.624901347344072100e+00
1.626135208861999804e+00
1.654108572631685536e+00
1.679846263199787693e+00
1.693233843390700599e+00
1.753904846210671442e+00
1.778706576888501312e+00
1.788719530078022313e+00
1.810744404983884115e+00
1.930697907770695609e+00
1.948264229167737449e+00
2.052058239770397030e+00
2.060163964261152003e+00
2.076525141822969101e+00
2.077965136679930325e+00
2.082015872334672668e+00
2.104975093853127976e+00
2.120913419030438174e+00
2.161794857596132768e+00
2.167222094624669637e+00
2.176868044570823724e+00
2.188181481143117946e+00
2.312674521989284138e+00
2.339951489748755886e+00
2.492946011711398402e+00
2.501031410411192812e+00
2.529452500517224589e+00
2.567432331989500494e+00
2.595934567836582385e+00
2.651737505615061608e+00
2.694334074860045281e+00
2.708310591604103035e+00
2.713141598974242896e+00
2.729770431156054222e+00
2.755091245715797665e+00
2.902249612627200825e+00
2.905754717913429097e+00
2.942437624852364486e+00
2.983293926723636247e+00
3.074567471370118099e+00
3.076577092475381914e+00
3.103455854777960266e+00
3.126316296337396938e+00
3.130055399071915989e+00
3.136305422741709314e+00
3.167000407850233401e+00
3.185065917097842370e+00
3.202998628729310848e+00
3.273971713493239122e+00
3.321267778661153969e+00
3.355172013755097993e+00
3.361263131480777933e+00
3.367971245007670866e+00
3.465751776054718736e+00
3.488163412011408671e+00
3.490050417248895087e+00
3.505724051000752350e+00
3.540469667366174189e+00
3.543469976783133468e+00
3.552016094791847767e+00
3.636216893099223579e+00
3.666538268460145300e+00
3.775811176686615589e+00
3.837452300568779506e+00
3.844350463364414772e+00
3.872234318490826332e+00
3.888845022399742390e+00
3.932604387894814479e+00
3.954797357473480268e+00
3.990942513942366432e+00
4.001402580833837597e+00
4.016820037514705177e+00
4.027759815108422181e+00
4.084662612711043472e+00
4.092310267538023183e+00
4.102606827707853121e+00
4.127849786970250179e+00
4.134893863443742212e+00
4.202483625328203409e+00
4.265128319017101433e+00
4.293571475685457273e+00
4.317055480795889189e+00
4.319480527049015528e+00
4.372013909601598414e+00
4.385598284470801467e+00
4.399818883209459131e+00
4.439576558915472759e+00
4.469997296202715020e+00
4.477964960173363984e+00
4.523969981410631114e+00
4.525820765012338320e+00
4.604169858562347173e+00
4.605564760436951843e+00
4.606124883022550520e+00
4.672841439673002917e+00
4.691201642297446739e+00
4.766284479503640981e+00
4.804676730337496871e+00
4.813887412490070794e+00
4.928557485739003319e+00
4.952114352196051783e+00
4.957629311187593757e+00
5.005596501854089553e+00
5.043545605734259141e+00
5.158070841741023038e+00
5.209370335882233860e+00
5.234400990881368010e+00
5.308577614306475567e+00
5.325836435302744754e+00
5.340670733496263978e+00
5.430345177830149694e+00
5.458695027048918291e+00
5.474248884629674627e+00
5.621174094541860455e+00
5.723721294645388369e+00
5.734555192894896791e+00
5.865720993226327451e+00
5.868566212166701490e+00
5.950379895357320592e+00
5.983622604089135599e+00
5.998725563321650078e+00
6.091517210500439816e+00
6.135568274845963899e+00
6.149789430984459848e+00
6.221569021013690026e+00
6.226526503230871867e+00
6.244771729407768923e+00
6.273643868898000520e+00
6.351314042078906930e+00
6.356238125238960812e+00
6.405210643266177506e+00
6.412302707709988780e+00
6.434139397724242038e+00
6.442545653797496108e+00
6.477859730485922007e+00
6.503826575613389060e+00
6.505873433397849404e+00
6.580164570838047844e+00
6.597296082169195053e+00
6.604008691339126713e+00
6.687138834648425068e+00
6.688530025052527250e+00
6.747967987957836478e+00
6.751116571201722927e+00
6.763860817127829606e+00
6.779944311361022713e+00
6.801655280681892179e+00
6.842570347685258625e+00
6.856841529019804149e+00
6.915190306379957796e+00
6.960949236681678087e+00
6.966586449527734537e+00
7.021482040854174045e+00
7.053954278429610092e+00
7.088268910933006595e+00
7.105187496354699483e+00
7.112114093336828979e+00
7.158660018008011328e+00
7.180440293435084165e+00
7.185134127442630358e+00
7.230866628652607098e+00
7.247155439827328571e+00
7.382742780372776537e+00
7.414953929108003550e+00
7.422872104466636145e+00
7.425903124119339616e+00
7.482125031525004744e+00
7.487931971928223795e+00
7.514196474124325675e+00
7.527375984243859897e+00
7.527501733420141505e+00
7.535170546499630362e+00
7.553793712327059318e+00
7.581450408272349506e+00
7.593054749930307601e+00
7.598561458942565849e+00
7.602596437235250804e+00
7.613977043236666020e+00
7.665598436403005422e+00
7.667943651708164943e+00
7.726624845823021559e+00
7.776568426513466470e+00
7.782198600420674239e+00
7.871848754018135885e+00
7.972570462974084116e+00
7.989964933036159955e+00
8.087473932459754877e+00
8.098021756480971334e+00
8.139959396226213784e+00
8.200091855728080859e+00
8.227408136069294997e+00
8.238177430944858770e+00
8.361490672155177606e+00
8.379076161673864931e+00
8.379603146947019354e+00
8.451596495073475879e+00
8.491033223938785568e+00
8.502294772692540192e+00
8.542125069353181388e+00
8.548018659127437857e+00
8.586055451246700443e+00
8.645028739417604413e+00
8.650931415760101828e+00
8.672207994842084489e+00
8.749333597047160183e+00
8.778315003664159732e+00
8.799540320949006400e+00
8.853065892185345120e+00
8.923739496645902491e+00
9.111742699596870665e+00
9.156296758153315452e+00
9.205976025984529798e+00
9.229280517123441996e+00
9.330962394988269182e+00
9.401408762911493966e+00
9.409847849102947137e+00
9.412250234800259463e+00
9.452090348534982311e+00
9.541441909564568391e+00
9.549047815071309842e+00
9.550949931400920079e+00
9.561314501701096091e+00
9.574554911714347583e+00
9.645148000636300623e+00
9.762962273753654330e+00
9.830291473307756434e+00
9.877524914107256748e+00
9.949582729794846259e+00
9.990178394867516687e+00
