-1.911280226096709056e-01
-1.712960500687261134e-01
-1.693164725348203781e-01
-1.236305047855296158e-01
-3.221023298539335555e-02
-6.180648011574391143e-03
3.970372735675620213e-02
7.878964360375645404e-02
1.343236437562249086e-01
1.805967061132879858e-01
1.976137844193162074e-01
2.039461274881558261e-01
2.174924089446497177e-01
2.297838795344976370e-01
2.337647406680447570e-01
2.790917550133369951e-01
3.658457146893137613e-01
3.705733686806881866e-01
3.729784571754176103e-01
4.115725556978865884e-01
4.225252218865973020e-01
5.206955338083274487e-01
6.133717387355361872e-01
7.053776210816251613e-01
7.257493799701546511e-01
7.390505401108276029e-01
7.501099333622172072e-01
7.661072143271614454e-01
7.703017602409518716e-01
8.393718487343109214e-01
9.110743926196067655e-01
9.162737295118739134e-01
9.506747518016742671e-01
1.025708095189088009e+00
1.036614939742224850e+00
1.060784900415624898e+00
1.081943996542766184e+00
1.089970333479854725e+00
1.151702226538668494e+00
1.186701844291958574e+00
1.201264078399361335e+00
1.204570266019734603e+00
1.333963533479968211e+00
1.402781987034362965e+00
1.483254653139406409e+00
1.545155886716297111e+00
1.547787670346872924e+00
1.663906448962270579e+00
1.722066741634875608e+00
1.758572763917869652e+00
1.777504645545822992e+00
1.793606332567113437e+00
1.863328968198452396e+00
1.910618178922723009e+00
1.943056993207221472e+00
1.958745682608952210e+00
1.970309278000597741e+00
1.979132440012504768e+00
1.991837608135695215e+00
2.008399627387223774e+00
2.041059310590965126e+00
2.063210027428004523e+00
2.113076031991105719e+00
2.198487329949295077e+00
2.280762124999217377e+00
2.324495868479033778e+00
2.371331710248250957e+00
2.422073825562418570e+00
2.443689720493883666e+00
2.529761659099766469e+00
2.540072956871619603e+00
2.541574144665870172e+00
2.556947297000456754e+00
2.566831726644626333e+00
2.598390184794946212e+00
2.613160389576525855e+00
2.661934348440930798e+00
2.669346756716895808e+00
2.673257071682514585e+00
2.676662583265355444e+00
2.705140638961037514e+00
2.827646398440142317e+00
2.902680320560624416e+00
2.927988165076795823e+00
2.952645924256384724e+00
2.964650901293525376e+00
2.966536165715019102e+00
2.982902502110841958e+00
3.022086011778254644e+00
3.063151949064607749e+00
3.150124189686940301e+00
3.181370179637251994e+00
3.266019025188722669e+00
3.277388303921409118e+00
3.278779564112098921e+00
3.313525929922930491e+00
3.374713398055448454e+00
3.374979919773456238e+00
3.400141544157883722e+00
3.415662231374014812e+00
3.417100309110914669e+00
3.473568759904072323e+00
3.547522882748959994e+00
3.640665237343235106e+00
3.652752842787743148e+00
3.682094413839755109e+00
3.686046829478877740e+00
3.691754530362409081e+00
3.696314801782624393e+00
3.846205021313175543e+00
3.858436970939667532e+00
3.875996139465823553e+00
3.959784673148336154e+00
4.010840258666898528e+00
4.025363788093365258e+00
4.044000870852129559e+00
4.054017935330641365e+00
4.099403380801406094e+00
4.126477691897722622e+00
4.154008423237905312e+00
4.184988964632101904e+00
4.227779060944780731e+00
4.329567658545164122e+00
4.380267782754926564e+00
4.382757696876841358e+00
4.386066367245577524e+00
4.396894033378196731e+00
4.423873197240596689e+00
4.480140614261768128e+00
4.539238614915565684e+00
4.543042648078726486e+00
4.599092175262194715e+00
4.795350542457919474e+00
4.802097052894553464e+00
4.948313185974904549e+00
4.960460597795081306e+00
4.968575133581269121e+00
4.978334879591995943e+00
4.985496641826216546e+00
4.988007886747726438e+00
4.989388485821025121e+00
5.025558295578823831e+00
5.057190072341266607e+00
5.077633933942260924e+00
5.107587024911413032e+00
5.144051126297902066e+00
5.163540176921567415e+00
5.180628533162797922e+00
5.198223659261126173e+00
5.235809748152420617e+00
5.260558173792676762e+00
5.275431430073228789e+00
5.327206283340363946e+00
5.329425805638859259e+00
5.348300160411470827e+00
5.466966272969446372e+00
5.528713031173163373e+00
5.538170366777523945e+00
5.549249905292223062e+00
5.616522394228287141e+00
5.655172908213025984e+00
5.693405646476322524e+00
5.721296320496466414e+00
5.724430457211429513e+00
5.754181249806205045e+00
5.816541292584959777e+00
5.838145228069338444e+00
5.843444456377345553e+00
5.873852965231201040e+00
5.893040406513178731e+00
5.913677245078566180e+00
5.917180690780410757e+00
5.979379276893130424e+00
6.165965631486235665e+00
6.186885694499736132e+00
6.223985194093613060e+00
6.327198809876495744e+00
6.352442546033550741e+00
6.404797718180300414e+00
6.407472541455384807e+00
6.458905977159036027e+00
6.513929275987687006e+00
6.569543267388905150e+00
6.572153958880604385e+00
6.619355373758593508e+00
6.630867132650044127e+00
6.644591485427888244e+00
6.714865844091447933e+00
6.793475316703423417e+00
6.795328359681889197e+00
6.802637684249591921e+00
6.866147017502325589e+00
6.874141128055256900e+00
6.913518506534678032e+00
6.916155791887480753e+00
6.931899409151596636e+00
7.025271697698076245e+00
7.033348475914857900e+00
7.052553876224326501e+00
7.056259991267451959e+00
7.063139750385484916e+00
7.106393064117454195e+00
7.108420297098312801e+00
7.230863926112911955e+00
7.232961993865767880e+00
7.250264085718864493e+00
7.254994759630207568e+00
7.286899633052857261e+00
7.377989841556554573e+00
7.380699807578524840e+00
7.392243116024797445e+00
7.507210790227142105e+00
7.530430779451817713e+00
7.581423146640055677e+00
7.610486407217424087e+00
7.631028616526347008e+00
7.689705823701255660e+00
7.714415574865382652e+00
7.718379145393095442e+00
7.779209717737521679e+00
7.810209642066875624e+00
7.815117739169497035e+00
7.866780632761202874e+00
7.884431681320344332e+00
7.916564229371943817e+00
7.928931872730538011e+00
7.967653440513813301e+00
7.973112001084555978e+00
7.989747221395519183e+00
8.007978017360885659e+00
8.013299117505457758e+00
8.110508264536168355e+00
8.161620387295000612e+00
8.169429493967465206e+00
8.199037549709339956e+00
8.212419427015893447e+00
8.222296122313723643e+00
8.298463446288110390e+00
8.392395415351744603e+00
8.405473790939229417e+00
8.421742968774049487e+00
8.426780854881704030e+00
8.473196974037643159e+00
8.557249168862114175e+00
8.567855640614848056e+00
8.580876990957648331e+00
8.667175689565304708e+00
8.672770604850260412e+00
8.730091563513513009e+00
8.753234502248185223e+00
8.817146154604454722e+00
8.961965968844317842e+00
8.998790983747051442e+00
9.090542684525587447e+00
9.117238010814229909e+00
9.143461453758137125e+00
9.158792653913577553e+00
9.186224330567887009e+00
9.208113667907719346e+00
9.255661671802982937e+00
9.277252655189565544e+00
9.280695667836861062e+00
9.306198862923292126e+00
9.353110391235992083e+00
9.364724716325603993e+00
9.411287161826876968e+00
9.460239107502250278e+00
9.488467055302555409e+00
9.500182542503125660e+00
9.522204087332733380e+00
9.548700504263495148e+00
9.564068250506306157e+00
9.655353001833281823e+00
9.666932131192373490e+00
9.701739983033407455e+00
9.714333223550427832e+00
9.715057327109761331e+00
9.726200879641121233e+00
9.733678699230758014e+00
9.750236908918020973e+00
9.855508906975583017e+00
9.864832994401735888e+00
9.877491613491107714e+00
9.889436641238285475e+00
9.913967852372808309e+00
9.917074810047250111e+00
9.992418124338229291e+00
9.996549164656229891e+00
