-1.591111140046166661e-01
-1.160972265773679152e-01
-1.122544916826025418e-01
-5.284996997860766377e-02
-5.030243061515432546e-02
-4.686064307989551425e-02
-1.764192120867794089e-02
6.106660938784130854e-02
8.123235529292055501e-02
1.068729083101294108e-01
1.144247842323020126e-01
1.993334354823940169e-01
2.061144979012626832e-01
2.418113395165482071e-01
3.311609381800935670e-01
3.778692015297923645e-01
4.191265171307254067e-01
5.248463219805286073e-01
5.488722682255169349e-01
5.530176595712652521e-01
5.765172712289814427e-01
6.029486857739032590e-01
6.864332779214270541e-01
7.248609728625876603e-01
7.706961278660047210e-01
8.040726331353693634e-01
8.243441490798992799e-01
8.564111651602419606e-01
9.247277681170511521e-01
9.460683748825406969e-01
9.994891872777702524e-01
1.007376762310048468e+00
1.029541257361631157e+00
1.030052706617310188e+00
1.038985771534324920e+00
1.060269944447249424e+00
1.154632830398313104e+00
1.240960421752816512e+00
1.258556352408850998e+00
1.303739720564527582e+00
1.312138950960382910e+00
1.352714562875317661e+00
1.355261533865719015e+00
1.375439492388706553e+00
1.447282643379215417e+00
1.498837132525936866e+00
1.501254211630449920e+00
1.547989332399838602e+00
1.567536882025079681e+00
1.592514493933497199e+00
1.626457524958720757e+00
1.676628954542380034e+00
1.791888274711970208e+00
1.801718189792124170e+00
1.835647085794321898e+00
1.895450967708801615e+00
1.921821858571694852e+00
1.996243973734131094e+00
2.021020684290397718e+00
2.139069603660568308e+00
2.152460890057117382e+00
2.154702448256495373e+00
2.163595681793761827e+00
2.215401545819010831e+00
2.234786879993504449e+00
2.263283525790079853e+00
2.275247557266675269e+00
2.359185642761229662e+00
2.371600492113661307e+00
2.379345362722525170e+00
2.404936561278856022e+00
2.431768956495455214e+00
2.568251837236363411e+00
2.609928865816360410e+00
2.617111701981860605e+00
2.642163831188889755e+00
2.668305760752827993e+00
2.752054974869705184e+00
2.771543333848557555e+00
2.787168468129835652e+00
2.830137044798161305e+00
2.884776388635604150e+00
2.941807113469641521e+00
2.993400133856717105e+00
3.005941217237760199e+00
3.023420912621625156e+00
3.092979998470969605e+00
3.113997921937906366e+00
3.149426958412595567e+00
3.159795081520434756e+00
3.162587100727510592e+00
3.173401377076943142e+00
3.176426783672734899e+00
3.180526290107323462e+00
3.186248842092860301e+00
3.186868129550496587e+00
3.225291433181348921e+00
3.299987977021167751e+00
3.308779675544656573e+00
3.328246207896785602e+00
3.378443237981964220e+00
3.417437156235115125e+00
3.425112037124661502e+00
3.460992881713835789e+00
3.503519695607725914e+00
3.545298945625193099e+00
3.551089213998266381e+00
3.572870175027672346e+00
3.630735960110860638e+00
3.639189815426948638e+00
3.678479453493051388e+00
3.735378583339815428e+00
3.763382744266856594e+00
3.787929577539416837e+00
3.817329124955599617e+00
3.852343361484596329e+00
3.915325491820781600e+00
3.937025349284034803e+00
3.952301204644327548e+00
4.061428541853850938e+00
4.074222978548061036e+00
4.077127672547519843e+00
4.097078574569873233e+00
4.120280104486588435e+00
4.120587791595116123e+00
4.132866604965167667e+00
4.168431872096641122e+00
4.187667711949399241e+00
4.278469188800809953e+00
4.336847843928955726e+00
4.337107926248672030e+00
4.340523266731143082e+00
4.345955675219786762e+00
4.397068849962193049e+00
4.408019739291244576e+00
4.527340561402538377e+00
4.549429884316377404e+00
4.563319472962782619e+00
4.655966588858002631e+00
4.661604147733322101e+00
4.729754404108330590e+00
4.767894037309988065e+00
4.792770824032080768e+00
4.807380839159553609e+00
4.870802698493199578e+00
4.908376282612548991e+00
4.935075318637944797e+00
4.959444695303745654e+00
5.011635189475456720e+00
5.019290540326289296e+00
5.081212792097109521e+00
5.120467814704774412e+00
5.128119614078748612e+00
5.146467004822810054e+00
5.169810944774337891e+00
5.191799068171095932e+00
5.209023745162753904e+00
5.339198521486829385e+00
5.460960466624018572e+00
5.470934367682868782e+00
5.509791673605050732e+00
5.530280429248954910e+00
5.532836126369038432e+00
5.649282459377495513e+00
5.716045680356218739e+00
5.774398897282398302e+00
5.784502738640269648e+00
5.811738636591531559e+00
5.854959980203548575e+00
5.868118415214560457e+00
5.887650115951894136e+00
5.899254909354704424e+00
5.947116207034421898e+00
5.983014712707706906e+00
5.999081866880386471e+00
6.011254261021515610e+00
6.055761865122581966e+00
6.058746322593657752e+00
6.083463174396895212e+00
6.104356391654929936e+00
6.126299885878882634e+00
6.130881113157418127e+00
6.147687957429615047e+00
6.183634970110653661e+00
6.261796621725753909e+00
6.307057799920245955e+00
6.307616897533142364e+00
6.334537696102877646e+00
6.443136790422155258e+00
6.460797084464541484e+00
6.603124395662430146e+00
6.722033649204030681e+00
6.755081857425280667e+00
6.764789583827037767e+00
6.772505647703812137e+00
6.772711088164477644e+00
6.778019710870107239e+00
6.805504050292426221e+00
6.817206061144153395e+00
6.828297700918826152e+00
6.829057362918573126e+00
6.865898581319931360e+00
6.932583819488950638e+00
6.983940620631114982e+00
6.990302287376552570e+00
7.023495193550842508e+00
7.034264571915549880e+00
7.059006571118744411e+00
7.078720956613277160e+00
7.137450155900467941e+00
7.145971350693891999e+00
7.159354016880801197e+00
7.160078459036986587e+00
7.179636456903631725e+00
7.194651906250904894e+00
7.231630411151582116e+00
7.245622624303830861e+00
7.266052166752004382e+00
7.543268451014997211e+00
7.592816825373025935e+00
7.616186852011699315e+00
7.620498958633612929e+00
7.625990710079212143e+00
7.656578577720636325e+00
7.680087867982853922e+00
7.786898118138349645e+00
7.816191042615927564e+00
7.824520964163794723e+00
7.926160771420655671e+00
7.940697399756079911e+00
7.947025254615469159e+00
7.965261741083465630e+00
8.014527129315956344e+00
8.122126714563206562e+00
8.124758075497020116e+00
8.176823741426357373e+00
8.209274658872724117e+00
8.211561371396028264e+00
8.288209999072506662e+00
8.288775178184053516e+00
8.295416065609702017e+00
8.341259141140598743e+00
8.355330820201091413e+00
8.512526475592673947e+00
8.574089078994251878e+00
8.603952111376525380e+00
8.664585612790698832e+00
8.667548421027486683e+00
8.713972707888466118e+00
8.818148495247481122e+00
8.833922268948628087e+00
8.899671087399420699e+00
8.902101394134842138e+00
8.916162008899208402e+00
8.960715269904529379e+00
8.986058435914770826e+00
8.988550254369586767e+00
8.990087502861893398e+00
9.051362554254426485e+00
9.072902722434770695e+00
9.075682170806192772e+00
9.108738750089912628e+00
9.130215771756759580e+00
9.151678349952117486e+00
9.183188450151479998e+00
9.213237622269611293e+00
9.241080651771685694e+00
9.342590469368223793e+00
9.372218788709721693e+00
9.377773247524968880e+00
9.394057544344699195e+00
9.494694215622757838e+00
9.554618290816408788e+00
9.656653857163520982e+00
9.669496988343544430e+00
9.713174436766466968e+00
9.742144743031248666e+00
9.768593987786214683e+00
9.832551862553684074e+00
9.928341852917261789e+00
9.936927117043200752e+00
9.944517159986917321e+00
9.945451526026818811e+00
9.982252494583548241e+00
9.990774845989779607e+00
