-1.554229325974161580e-01
-1.459168016938986734e-01
-1.447927682627701829e-01
-1.413021697410041522e-01
-1.117466509985371309e-01
-1.074173652170240245e-01
-7.617068466707144214e-02
-7.319953497867753844e-02
-4.775232675530730053e-02
-3.544378230030137411e-02
-1.123016837697018988e-02
-2.847827464701496725e-03
-1.868210288714422518e-03
8.057312604217187202e-03
1.331201012197871791e-02
2.593372995381595936e-02
4.693957781531712947e-02
1.573326930137192159e-01
1.680930895276289694e-01
2.246456572478969793e-01
2.795463729244846984e-01
2.801344783727141019e-01
3.433121199468945339e-01
3.448784342609931275e-01
3.586719407419750039e-01
3.623496766030018246e-01
3.866037703144832860e-01
4.086953493114716118e-01
4.118778456144319144e-01
4.127459981614798878e-01
4.193060515342116878e-01
4.326859457220819105e-01
4.651132146168442394e-01
4.738619837670424162e-01
5.423094767457647958e-01
6.292444386419313584e-01
6.390482486910917803e-01
6.594630505966843081e-01
6.710803270453500335e-01
7.122741855133545297e-01
7.311013436949163058e-01
8.893809776185561677e-01
8.988894758392063089e-01
9.027495783621706238e-01
9.797543244636355286e-01
1.088119138908162364e+00
1.100672164602034098e+00
1.139281602265015403e+00
1.149467453473025813e+00
1.160675369855168393e+00
1.193472333921612449e+00
1.248053920153756380e+00
1.278253579954276020e+00
1.287778077823821032e+00
1.341582387255456865e+00
1.378203239213045661e+00
1.388634924048204544e+00
1.389576301220626586e+00
1.417697785839618252e+00
1.440098850319070811e+00
1.446150492280290578e+00
1.477442552696206723e+00
1.507047264462909153e+00
1.537859702609985169e+00
1.645253514863092903e+00
1.650243525142685019e+00
1.657086277703788468e+00
1.672907383108094059e+00
1.680986666701982601e+00
1.691582663440811096e+00
1.699916422224536872e+00
1.750245187091390875e+00
1.792424778799747598e+00
1.803048656139855543e+00
1.824984751644705083e+00
1.914964054836788554e+00
1.988824904049042219e+00
2.087847937242390373e+00
2.134831371661938260e+00
2.141042985220578565e+00
2.169124588195221470e+00
2.172702069251709833e+00
2.351805580652419181e+00
2.366438958523846559e+00
2.366790101822649373e+00
2.398166716977950585e+00
2.411889449780543426e+00
2.419557911836820452e+00
2.454199606932665034e+00
2.516353532657581216e+00
2.541824405677238552e+00
2.583663530761323823e+00
2.639075031618807632e+00
2.706393683460546207e+00
2.759098492059924190e+00
2.780625603885555019e+00
2.835183989637202195e+00
2.848447675496014853e+00
2.855993021524939834e+00
2.874255707594866038e+00
2.941192575527263209e+00
2.942145161246550789e+00
2.954913261046910211e+00
3.036111450238292431e+00
3.039406846481791824e+00
3.129339441701062707e+00
3.200875153590500233e+00
3.244390019724977758e+00
3.245459204336051506e+00
3.290027710879303235e+00
3.384416996306016223e+00
3.399718080718247215e+00
3.418812886960779451e+00
3.457347893971432828e+00
3.459972909583996170e+00
3.464708185343808200e+00
3.483430095314175468e+00
3.531018771830020775e+00
3.568856448703190409e+00
3.583067539649678057e+00
3.619295900226465967e+00
3.664726884251087835e+00
3.738319135779870184e+00
3.741844314981033648e+00
3.743472472440017462e+00
3.758626933418356852e+00
3.801106086985493349e+00
3.802134386322976844e+00
3.859312892461135291e+00
3.881193256420017335e+00
3.907583779103791066e+00
3.915763188058118516e+00
3.935287941041822002e+00
3.945083216492579758e+00
4.059668494096944968e+00
4.082916596948882315e+00
4.120590409965342538e+00
4.168355926020410607e+00
4.187148418951261775e+00
4.217721890579695376e+00
4.277720603653415665e+00
4.326011467106277486e+00
4.329992303653889429e+00
4.344619193996720696e+00
4.357973023459673634e+00
4.364844710128523708e+00
4.452990606911894744e+00
4.477545495225188077e+00
4.494550827541589300e+00
4.541799453935100317e+00
4.557276393938499481e+00
4.557985494097136936e+00
4.562860944180373579e+00
4.600636259967397557e+00
4.602735927587853659e+00
4.628830588365318910e+00
4.673121816323182465e+00
4.702179150999223900e+00
4.722035243120689785e+00
4.759274396420443587e+00
4.841439885555507416e+00
4.847762031237635938e+00
4.847799742633536191e+00
4.870292792095622936e+00
4.871184373366110876e+00
4.884105281512010954e+00
4.900957377296001560e+00
4.913661151862328325e+00
4.925079173591228709e+00
4.980522741937408071e+00
4.988774161220991488e+00
5.033914096283036876e+00
5.057188142459328795e+00
5.073039515143261902e+00
5.077610218251134455e+00
5.086584929534141430e+00
5.105811107022275586e+00
5.119475165683210705e+00
5.150188371401981158e+00
5.156197986081584972e+00
5.167375230831748212e+00
5.167790197993298307e+00
5.181069214645128262e+00
5.201862422964572019e+00
5.208437807570664546e+00
5.270766107009960066e+00
5.273861793804033304e+00
5.307520006242167909e+00
5.378029398355812951e+00
5.420613110003776214e+00
5.430282405072467178e+00
5.447276948938356789e+00
5.535388208747012762e+00
5.543533745898238330e+00
5.585790996132664610e+00
5.588767065181847293e+00
5.618988089815589504e+00
5.653259957800336188e+00
5.653686345097722388e+00
5.724277219358700819e+00
5.772449874880019038e+00
5.795856649564272267e+00
5.808222268656312082e+00
5.808947390689119139e+00
5.835310386377740244e+00
5.889422641210236620e+00
5.896756480412383539e+00
5.926034029342249099e+00
5.933601226327147593e+00
5.958281530104678758e+00
6.055787398727685122e+00
6.126601441136247495e+00
6.176434695505264472e+00
6.225230992204587643e+00
6.241136510796923886e+00
6.277007406241987830e+00
6.296832159032093479e+00
6.363199873250078298e+00
6.381026447805720814e+00
6.387323064723926080e+00
6.391075305947667928e+00
6.394072804685727363e+00
6.394867176459995584e+00
6.443574886980841576e+00
6.485961281351987573e+00
6.519367436545912220e+00
6.576099949792815202e+00
6.621487241587229455e+00
6.634463287135409892e+00
6.647340692879735613e+00
6.671017379295931526e+00
6.689711714438361767e+00
6.693578661677278774e+00
6.738496127000835223e+00
6.765582653451827966e+00
6.889075770641080787e+00
6.971792121763563443e+00
7.001173000042826722e+00
7.024520462010442223e+00
7.049576953941016910e+00
7.053852694249998834e+00
7.055291694390358970e+00
7.101501890733871392e+00
7.109442737019787018e+00
7.170269403287522714e+00
7.173099096913682970e+00
7.207516387789520529e+00
7.212595786969164813e+00
7.272988867779332622e+00
7.330952899554861624e+00
7.365172334588780068e+00
7.388623339870314055e+00
7.466422066993470885e+00
7.495283714043520007e+00
7.508559660233910193e+00
7.525554509427232475e+00
7.554431231333223806e+00
7.585679166026761067e+00
7.602958868679646542e+00
7.630655320390863139e+00
7.733032099697405570e+00
7.781110581542161064e+00
7.815229826116365963e+00
7.835372099717244687e+00
7.847256025228074527e+00
7.954213080600443853e+00
8.088130912384087878e+00
8.093090599231793192e+00
8.112229350787369953e+00
8.204755417037548071e+00
8.223257608359912041e+00
8.251782275180369552e+00
8.283952679968974664e+00
8.290588509355224289e+00
8.291239663759313316e+00
8.295901522862981992e+00
8.320170357691061724e+00
8.343422210741909595e+00
8.455283349871736576e+00
8.679252244120743143e+00
8.737804168724245812e+00
8.745997290362593546e+00
8.763285154190366910e+00
8.765679833291732947e+00
8.792735041522501405e+00
8.794137816361097038e+00
8.814570990592715205e+00
8.949746562528751781e+00
9.023490234697899126e+00
9.029807155664531848e+00
9.044866739050817728e+00
9.061422442978541270e+00
9.124086618457100784e+00
9.135499390602731751e+00
9.162884653304118387e+00
9.166674294961156377e+00
9.169315000893789147e+00
9.185279527134213140e+00
9.200279080865085390e+00
9.244424830505357349e+00
9.265712909925410301e+00
9.274097995197070787e+00
9.326463409094269963e+00
9.335642561571448894e+00
9.341072514719277464e+00
9.401537628941092350e+00
9.449768871263428238e+00
9.461559087993315131e+00
9.479300239390459737e+00
9.480641019318504448e+00
9.516363597345419478e+00
9.522487477573070791e+00
9.706977899832255119e+00
9.735449249349953149e+00
9.795008125972774593e+00
9.795214809720645732e+00
9.819442213885174908e+00
9.914490534430404622e+00
