-1.603515329354719965e-01
-1.509681707638638459e-01
-1.378262900644385835e-01
-9.674947489095168940e-02
-8.771378191325096552e-02
-5.591112048529839340e-02
-5.397536528853683069e-02
-3.255596400385651901e-02
4.854312375352981546e-02
6.623338685071050724e-02
6.995005357636435717e-02
7.162213987315019237e-02
1.356222384555078597e-01
2.481927418572122956e-01
3.063132031444578129e-01
3.199729177469392005e-01
3.552558615401708031e-01
3.654306149673314796e-01
4.136423610715562194e-01
4.450463606313208031e-01
4.686533399485660056e-01
4.971201874385359765e-01
5.367319728031874071e-01
5.763286093651209807e-01
6.878915927991235968e-01
7.010433611683040134e-01
7.071661548971348576e-01
7.367510932505703103e-01
8.160989415052011253e-01
8.303756631912373454e-01
8.447127531434315273e-01
9.372044595331543437e-01
9.374475222368736649e-01
9.440539672861201215e-01
1.026485994332597240e+00
1.298412625642157980e+00
1.300985580211279524e+00
1.306934270988590718e+00
1.388734669638893360e+00
1.417844438878383517e+00
1.503845042631349660e+00
1.549142914277652272e+00
1.568183853125775018e+00
1.582621827862165098e+00
1.655580768026007510e+00
1.670436584216806741e+00
1.711097064079119434e+00
1.719612320891033663e+00
1.725163594318477545e+00
1.728005471368770030e+00
1.783703441874558537e+00
1.817920514902608753e+00
1.941281259951393556e+00
1.991933799136646366e+00
2.034910611986482376e+00
2.074726290827971109e+00
2.108045953210470724e+00
2.111807119161908108e+00
2.135140506219108225e+00
2.167151764743789677e+00
2.170982631761221526e+00
2.190282515649340400e+00
2.195806817858678262e+00
2.253754596823844381e+00
2.255950722168394762e+00
2.316113449459615392e+00
2.360873429661808576e+00
2.369269221933503644e+00
2.374255019055229177e+00
2.394083577492585491e+00
2.420071722811257153e+00
2.428205726877710635e+00
2.480291394794722049e+00
2.650523944741159266e+00
2.747594936186043224e+00
2.751279639152213186e+00
2.775208600461709363e+00
2.807495976598221699e+00
2.897715589439135986e+00
2.932442434053995406e+00
2.956698996904165266e+00
2.992976797202204331e+00
2.998888046242142558e+00
3.137188773126229346e+00
3.205967741695034512e+00
3.209778300803375561e+00
3.218299311610139490e+00
3.360190484926408150e+00
3.367850928991979575e+00
3.458721566514797008e+00
3.514345005977445258e+00
3.628107585787815559e+00
3.662279870798612169e+00
3.677761366212518812e+00
3.734080826698242372e+00
3.735878225927432350e+00
3.795458328357407929e+00
3.837325871663407106e+00
3.841946878582165326e+00
3.859329699568247563e+00
3.875499480271805020e+00
3.876178051951190362e+00
3.895511560958383690e+00
3.912646986299651353e+00
3.953653725339404623e+00
3.972762652351518042e+00
3.986292665915390998e+00
4.002838875111135231e+00
4.039371438854922225e+00
4.073179818338441116e+00
4.089602330665736751e+00
4.124913670190486492e+00
4.179416716449027014e+00
4.213885033164564753e+00
4.226233862686775922e+00
4.350771769956118362e+00
4.372681823623286057e+00
4.403233040813364418e+00
4.433205345689203547e+00
4.461332326840244278e+00
4.475815136323356924e+00
4.479942987818400724e+00
4.487943169539864385e+00
4.558611410516048679e+00
4.576378642539951080e+00
4.592952162840735930e+00
4.769096758341384579e+00
4.785361243185853652e+00
4.788062812411897795e+00
4.834363457978240852e+00
4.867049848432558612e+00
4.867109697745449992e+00
4.970374629396942190e+00
5.114122055679641399e+00
5.156704272288863855e+00
5.231269670277307604e+00
5.269633718741593142e+00
5.292496189867992307e+00
5.328855738288613253e+00
5.336915008288220186e+00
5.383741235536965597e+00
5.515539605751741625e+00
5.563027886972641056e+00
5.648398858439771075e+00
5.665248380689353880e+00
5.685892316602604524e+00
5.697431031229467813e+00
5.704214222980753313e+00
5.739076874694779562e+00
5.839563635759057902e+00
5.900398397369043479e+00
5.934148189717499911e+00
5.966798920833147335e+00
5.969885078110700682e+00
5.982912723503181596e+00
6.018868005206460481e+00
6.070136976883187430e+00
6.095425352598055291e+00
6.131534987624461586e+00
6.142860123626533664e+00
6.163830311128993600e+00
6.186529568708470705e+00
6.211009291990763792e+00
6.245607808543904405e+00
6.302762779482916855e+00
6.329801027088754140e+00
6.348221873575530694e+00
6.374307159014313662e+00
6.437992732191447409e+00
6.510849861566640584e+00
6.515792732536240806e+00
6.559985787307086369e+00
6.629835179746094376e+00
6.692440220182939825e+00
6.699166730833617578e+00
6.736439495003832434e+00
6.744695191934098943e+00
6.760853330351259238e+00
6.774770842479465927e+00
6.823775646206000189e+00
6.833208531845799349e+00
6.846753300559185185e+00
6.857803166709654619e+00
6.875848296948517735e+00
6.984224019725505883e+00
7.016661532264355294e+00
7.030179512858162560e+00
7.040569298502065365e+00
7.063123173791532317e+00
7.083912790517196356e+00
7.087025856598890172e+00
7.215299636199422828e+00
7.283014448382275852e+00
7.362037253036174178e+00
7.362781790287632688e+00
7.401018938353624677e+00
7.415219225864032815e+00
7.518745113862063789e+00
7.534834650847884951e+00
7.568347898297207443e+00
7.578479006476766422e+00
7.610504593999654510e+00
7.683403170349448530e+00
7.696001747513577129e+00
7.747367168887382860e+00
7.805164922821368201e+00
7.854016953810229573e+00
7.856638959491728080e+00
7.895511791922792177e+00
7.910601447624691751e+00
7.964128026730555199e+00
7.992063967382711631e+00
8.002282050563756854e+00
8.041209843673685853e+00
8.041918167547910556e+00
8.229808614147028578e+00
8.328025543475147785e+00
8.335500982292659344e+00
8.389258992301659390e+00
8.392304090807675365e+00
8.456439448905561207e+00
8.463815149742334398e+00
8.525758833316759322e+00
8.535974496750904805e+00
8.566487435641894521e+00
8.623641967084910931e+00
8.635077222754963699e+00
8.698543271625045037e+00
8.753637920148081619e+00
8.792978857946241789e+00
8.813843073419816321e+00
8.880420198874464432e+00
8.882539121190076159e+00
8.929770332864817917e+00
8.930850430064186440e+00
8.972083187151731920e+00
8.984022973834468573e+00
9.000505369019780488e+00
9.013242125560450901e+00
9.038143338662498749e+00
9.041182558804433000e+00
9.059853373377949382e+00
9.067477902752623109e+00
9.100821466373915314e+00
9.146901978927559185e+00
9.174135785766132756e+00
9.187956810070275537e+00
9.200326439421630198e+00
9.205710367069441347e+00
9.309528611908854501e+00
9.338868309530823808e+00
9.364267065325535100e+00
9.368491314103495782e+00
9.420131676628272999e+00
9.422933653407881138e+00
9.434298120127339260e+00
9.468462101590452207e+00
9.481029227137506510e+00
9.533889801786013862e+00
9.577166627467542881e+00
9.588141266189916578e+00
9.592602046058042120e+00
9.618169539009956637e+00
9.722665655214042246e+00
9.723259488686688101e+00
9.749083305691469192e+00
9.754984586174336059e+00
9.764889129546219237e+00
9.771720034579869818e+00
9.800550555095034255e+00
9.809874276471040488e+00
