-1.929440505576980325e-01
-1.921883633354200815e-01
-1.725773269727400860e-01
-9.975552214126971740e-02
-2.809617650005444278e-02
-2.058586640633397469e-02
8.290564120042864804e-04
7.527380493572577436e-02
1.313023272938370067e-01
1.546848156199090440e-01
1.590440932018318820e-01
1.734546105716716080e-01
2.175815634204470994e-01
2.300003194250501148e-01
2.771496123831220793e-01
3.057316849637912726e-01
3.318773345934262209e-01
4.275684485938168744e-01
4.529678097606998910e-01
4.557136351863499413e-01
4.707484347669313451e-01
5.190516962291664704e-01
5.862551840700327421e-01
6.308343539739960093e-01
6.975898033898506601e-01
7.230144892803167522e-01
7.627442689869845527e-01
7.665899152893949076e-01
8.079377549283208726e-01
8.119213173992101407e-01
8.201118361327111028e-01
8.261230069701532841e-01
8.478445801384262293e-01
8.602463646449425294e-01
8.625613258974458297e-01
8.656899694813113832e-01
9.336957405735366589e-01
9.572223526623460099e-01
9.752507129497631766e-01
1.018470315826470296e+00
1.044677506149569224e+00
1.097499532156172020e+00
1.136040822296933150e+00
1.139637700649977381e+00
1.167716852701587316e+00
1.252156006886983697e+00
1.290693882697064865e+00
1.351324645666395874e+00
1.353425424881032013e+00
1.357539155940051367e+00
1.375504552249324774e+00
1.394076409971471531e+00
1.397951432108142322e+00
1.472903886202203472e+00
1.532675299658493806e+00
1.533818655423779598e+00
1.549609880089950709e+00
1.600319134144514210e+00
1.651001600581396778e+00
1.770286114850180503e+00
1.804900633794007225e+00
1.852609834681760992e+00
1.859159918455632665e+00
1.917070354861852399e+00
1.919365870088559634e+00
2.012517565131720421e+00
2.015139421825068666e+00
2.049751457353073292e+00
2.255326525783095448e+00
2.259438906228341981e+00
2.302067739745743857e+00
2.303105689164946845e+00
2.320810733800662717e+00
2.323179301621740578e+00
2.324497006295831891e+00
2.342392592421080444e+00
2.349668572268280631e+00
2.364383379712334143e+00
2.380769786682260580e+00
2.587309512443304982e+00
2.631784495567952131e+00
2.673864148441573718e+00
2.688256176095456862e+00
2.762259352297175230e+00
2.802899868727641852e+00
2.812636964349096491e+00
2.851385847040929011e+00
2.857914448105562943e+00
2.858132983751814571e+00
2.863915504593712580e+00
2.923944851896301600e+00
2.966294126421730404e+00
3.042219992288145658e+00
3.076652328576796602e+00
3.082078877594359501e+00
3.083878234037145116e+00
3.091437171322062305e+00
3.106350606182657348e+00
3.106440743157024897e+00
3.108002943276415575e+00
3.111586894831760208e+00
3.157633398898341603e+00
3.227604693446931350e+00
3.251270435384300495e+00
3.252024453003458326e+00
3.263598004173200895e+00
3.288110619131796142e+00
3.388289430978408401e+00
3.394489308546524864e+00
3.406255173946156845e+00
3.481067472092240767e+00
3.510876380935142205e+00
3.537066966692347769e+00
3.568482739220380395e+00
3.575766501350155391e+00
3.635538945388524734e+00
3.648123978379981480e+00
3.791262699022554639e+00
3.825714503030571478e+00
3.827021205375207735e+00
3.842079220065701683e+00
3.880533456646143797e+00
3.995555650320821606e+00
4.023961701268953917e+00
4.110621367171412466e+00
4.119891182841611155e+00
4.130249501512340160e+00
4.165715494906831573e+00
4.235044151687121783e+00
4.262305678734353620e+00
4.272592540839593944e+00
4.315795668652892658e+00
4.400417399191488776e+00
4.414518121332578815e+00
4.432472508803741107e+00
4.437217456269704208e+00
4.518624293542122139e+00
4.544160896313841569e+00
4.551908820875621764e+00
4.556538929632737656e+00
4.569947379910695773e+00
4.584145942205668511e+00
4.620760015619853611e+00
4.658108246567087107e+00
4.659769288253964525e+00
4.726530802566027312e+00
4.766822199393640602e+00
4.771538614006410661e+00
4.811665211949470944e+00
4.894545072228865479e+00
4.938658997488718505e+00
4.945118376454542997e+00
4.948854481213877499e+00
4.960928342843268446e+00
5.019096829765390844e+00
5.086078023949835547e+00
5.104796751572095559e+00
5.150827084415346313e+00
5.295230444139735759e+00
5.304805324970606861e+00
5.410086156261485257e+00
5.469131857877709280e+00
5.525435533049464887e+00
5.557504942276126236e+00
5.562871674530811994e+00
5.618714008392741377e+00
5.623742764717429843e+00
5.652434159861199348e+00
5.656384508818539381e+00
5.665888870769319574e+00
5.686745308625284601e+00
5.761689533218180337e+00
5.767777484725472803e+00
5.793139518703635638e+00
5.871706751114794898e+00
5.881033168943146983e+00
5.907623246686129370e+00
5.950503296260820640e+00
6.088789370673238110e+00
6.151207478368186266e+00
6.175151056683874096e+00
6.210126937484076848e+00
6.214336063875297356e+00
6.254053977826607991e+00
6.328966538641564554e+00
6.342065733458111865e+00
6.420874609443358416e+00
6.447341179408412337e+00
6.448995131682417892e+00
6.514253011153488870e+00
6.542807109732038384e+00
6.553701592246993890e+00
6.588284720837045860e+00
6.598544411679688970e+00
6.602194567460809793e+00
6.612651189572163801e+00
6.668700171898637841e+00
6.672832623280438469e+00
6.681155561154556111e+00
6.730058397222170363e+00
6.849869298829785791e+00
6.864577617080680483e+00
6.898544965900882175e+00
6.907252808116959741e+00
6.918737575065143197e+00
6.959897060379724998e+00
6.965199377599214259e+00
7.016935333875980341e+00
7.037642750458813268e+00
7.046082321417998173e+00
7.090932685803660540e+00
7.241099747200005154e+00
7.330376075395556690e+00
7.341671636391641442e+00
7.373057154062515828e+00
7.421944620407789017e+00
7.504062599481617468e+00
7.504707655048744819e+00
7.572955033766866961e+00
7.581808693086696138e+00
7.593926628368021348e+00
7.609619940958331163e+00
7.647961329562543931e+00
7.657085114743794385e+00
7.699538939278669503e+00
7.709456520281799285e+00
7.725651154407100485e+00
7.735277346441253421e+00
7.808272171521520200e+00
7.817264832692809584e+00
7.823030607479203091e+00
7.904733629357308722e+00
7.914469862945877843e+00
7.924147650357405759e+00
7.973984336402303974e+00
8.047343231428442323e+00
8.055055001025488437e+00
8.067506736570125625e+00
8.081103956987032433e+00
8.089568548546731463e+00
8.179204163256066806e+00
8.221109738709841963e+00
8.227467227779744263e+00
8.255569524041106888e+00
8.266527122042868214e+00
8.276633524109465512e+00
8.292960157058622883e+00
8.409598646169573755e+00
8.425289037843722184e+00
8.433674624148876475e+00
8.472753167346070313e+00
8.500950818561008759e+00
8.533906440292549078e+00
8.554774287885759776e+00
8.562757751379077575e+00
8.576230594778641247e+00
8.611797470870001803e+00
8.630859786956087021e+00
8.646759906678120444e+00
8.659144540861646533e+00
8.670675112644106619e+00
8.696760002996706262e+00
8.703898947983445211e+00
8.738414043429390432e+00
8.758542648042698886e+00
8.776838096366015307e+00
8.778058023136500410e+00
8.828699879357431612e+00
8.885181099080041278e+00
8.927049514437863209e+00
8.984060683724989005e+00
9.074079169312147641e+00
9.088732769162222169e+00
9.149345940655200238e+00
9.151876808582580125e+00
9.187511015046776919e+00
9.190427111530024007e+00
9.223178539872714410e+00
9.224507493562146720e+00
9.291727114544828581e+00
9.391069195974306894e+00
9.438715229089451597e+00
9.470052752693236542e+00
9.522354158725368833e+00
9.525107261933433378e+00
9.607604076159148576e+00
9.707959791665153659e+00
9.759230743643138695e+00
9.808851889436400739e+00
9.826452564573974868e+00
9.864602351851939233e+00
9.875434380685176095e+00
9.879233858828158077e+00
9.943878337382530574e+00
9.978499134550062877e+00
9.988081879506745864e+00
