-1.915962106989123059e-01
-1.752928211162949057e-01
-1.398136315273472152e-01
-9.962777138721330694e-02
-9.852816527458160833e-02
-7.863386842764581719e-02
-5.371674869253029172e-02
-6.542418403846533836e-03
7.587861684303304211e-02
1.234256792536416181e-01
1.235668012826237061e-01
1.901122349890611019e-01
1.967786198739981951e-01
2.114146229153214818e-01
2.118210956647088583e-01
2.613029029798095704e-01
2.784383290808842837e-01
2.964939489150636986e-01
3.164569695656864190e-01
3.305736003856931116e-01
3.563231991086676653e-01
3.595456717446719463e-01
3.857932297045043035e-01
4.059163059330878620e-01
4.558453980021713314e-01
4.918332973543829145e-01
5.021455189547372466e-01
5.149935853377645145e-01
5.390599621143503661e-01
5.595711056506522674e-01
5.811186868587594478e-01
5.859506329124994917e-01
5.890549874461554758e-01
6.796697969906675407e-01
7.123523513971745658e-01
7.500607597642372504e-01
7.743636761048782180e-01
8.003726398547930110e-01
8.689426356735687751e-01
8.898169821113550704e-01
9.246252667188321617e-01
9.929416479834642928e-01
1.016183597910679248e+00
1.029385614786070269e+00
1.043419182481085006e+00
1.067763205349632427e+00
1.084199828837022261e+00
1.155577188744492334e+00
1.167099906462155223e+00
1.192125132321884440e+00
1.211489361662407171e+00
1.232323924317179742e+00
1.301951048561727609e+00
1.313159502144432222e+00
1.314406689714380905e+00
1.330544420517141280e+00
1.355505675127098852e+00
1.397728086452010077e+00
1.421294269623553763e+00
1.444403305066971122e+00
1.481278712059575176e+00
1.486555037875715302e+00
1.496380243304963553e+00
1.501581624781156865e+00
1.546199771404764167e+00
1.664680553009119324e+00
1.721373365273322520e+00
1.740141408135916334e+00
1.802366566647920942e+00
1.841165545223622635e+00
1.881724441701527750e+00
1.891014294399790296e+00
1.910223462607580247e+00
1.976220681764257359e+00
2.075040523781511492e+00
2.126003984791259516e+00
2.138869160470061370e+00
2.155865715751307476e+00
2.177446536235414953e+00
2.204046271191423489e+00
2.264187288676748455e+00
2.328796681977610472e+00
2.367351232824726370e+00
2.375172248935610853e+00
2.399456140095667767e+00
2.428440148264783716e+00
2.471562364233462539e+00
2.498025458209319538e+00
2.546280414861309183e+00
2.562928739934463795e+00
2.698125255951610235e+00
2.733792176124465012e+00
2.735459813853245770e+00
2.754439071890583790e+00
2.768737660132208678e+00
2.779927336325758613e+00
2.790934215419841546e+00
2.800547998384721904e+00
2.895654349279578099e+00
2.913094179361101155e+00
2.939374046146684627e+00
2.958881814857668768e+00
2.991625742548452038e+00
2.999736020147589777e+00
3.055776866049793927e+00
3.058425389330491573e+00
3.111622455876450033e+00
3.116274051145431656e+00
3.129560419628270918e+00
3.201173060041842877e+00
3.201488990644535182e+00
3.258949769412612607e+00
3.291509254754184877e+00
3.292765852401799975e+00
3.293042867551793318e+00
3.345169411334538712e+00
3.412782344261333645e+00
3.424116124343647538e+00
3.432438081267898511e+00
3.435923167765965847e+00
3.443565351606578950e+00
3.461185568361599962e+00
3.484234453706496648e+00
3.536786741965178837e+00
3.558659756754825931e+00
3.560736280286036948e+00
3.609977050559566081e+00
3.637659476336414066e+00
3.653217523913526499e+00
3.678777473371559470e+00
3.696501976124880073e+00
3.773150875995751719e+00
3.787607896214415959e+00
3.842652159390268274e+00
3.845203702933591927e+00
3.902456610970117090e+00
3.934993114489185650e+00
3.988167657403109523e+00
3.988177155132341944e+00
4.065389782079180669e+00
4.168717625929143189e+00
4.187919963667790846e+00
4.193741377341820176e+00
4.209244421310368800e+00
4.270126985361357264e+00
4.278220371665356403e+00
4.431717231697919424e+00
4.449688789579919757e+00
4.451042508319856594e+00
4.543937741471302694e+00
4.578591101477805125e+00
4.610560197702325169e+00
4.616176272536230307e+00
4.642086599883739062e+00
4.687874401940478108e+00
4.742941594858278265e+00
4.759574477061640607e+00
4.850576203739803915e+00
4.851206377992843599e+00
4.894096013648260524e+00
4.903763949876714712e+00
4.930603425554583197e+00
4.937256098355891965e+00
4.993347676895469434e+00
5.042439489056654622e+00
5.095876715806505253e+00
5.190143956574985395e+00
5.225592837259850576e+00
5.449988481090091597e+00
5.458382807783354274e+00
5.486378450530477124e+00
5.601022936855118317e+00
5.611296619405258035e+00
5.674487157930489190e+00
5.679384087305943574e+00
5.700795124656043100e+00
5.704690763653386121e+00
5.721366131366804275e+00
5.738289708636765241e+00
5.745696592701458272e+00
5.795905005140814303e+00
5.821374230952437223e+00
5.904539468894769882e+00
5.923416979915665515e+00
5.960900856928264879e+00
6.009375252575929416e+00
6.055654268923904127e+00
6.090865661269435627e+00
6.101745116095126598e+00
6.123377529250713991e+00
6.137273970409985679e+00
6.152410772975281716e+00
6.158613510954157988e+00
6.216148758317471490e+00
6.227142684877898127e+00
6.347500563103740667e+00
6.364201164004236411e+00
6.376588895005091295e+00
6.423460785039447174e+00
6.488561190444357862e+00
6.505723658598912884e+00
6.515467418770216845e+00
6.533650560107099103e+00
6.576479620476583854e+00
6.624830218465954879e+00
6.634049553661404808e+00
6.636298031513496731e+00
6.683275615715963625e+00
6.780139146506958703e+00
6.786298855849420164e+00
6.841738935871894078e+00
6.843224063556835546e+00
6.843331408354982770e+00
6.865072630885629579e+00
6.913795989547182330e+00
6.916686501984552038e+00
6.925020299170340898e+00
7.028065037588728359e+00
7.074133974184339202e+00
7.125266111904333677e+00
7.141851321150633147e+00
7.146805664723141938e+00
7.157281798675864337e+00
7.280709498279300362e+00
7.318501150499871599e+00
7.335059973216096374e+00
7.351339295932802997e+00
7.424615901740151180e+00
7.439901283295494494e+00
7.445438949165930964e+00
7.485503222623238528e+00
7.535117691352014369e+00
7.536226915392608028e+00
7.545814941385479813e+00
7.578883903170691383e+00
7.610036725613158914e+00
7.621431187677842445e+00
7.633524396328829731e+00
7.635172587351164886e+00
7.636652684183626860e+00
7.761714690847632880e+00
7.786823700392151437e+00
7.794113653494854077e+00
7.810874504830501941e+00
7.876753900155494925e+00
7.955209711601511025e+00
7.983039690379388098e+00
8.040053768986222593e+00
8.062913497847645772e+00
8.072355469927385840e+00
8.119756633526478140e+00
8.119953965447313848e+00
8.215842556329313595e+00
8.225716884244103966e+00
8.227567778673494203e+00
8.249595308714894770e+00
8.251346068347370277e+00
8.254127490229837605e+00
8.396173045215510555e+00
8.429186497558118774e+00
8.442121006187427668e+00
8.458627700938102123e+00
8.513982885283512658e+00
8.564728480699328017e+00
8.619959111893509274e+00
8.654111230716909020e+00
8.695231592300439516e+00
8.695444587429951966e+00
8.707710770905899622e+00
8.713663574998333772e+00
8.733599574778963870e+00
8.782103733556601455e+00
8.835524248695515226e+00
8.915098550897649687e+00
8.928131528404952277e+00
8.944536721036110194e+00
8.958051358697042943e+00
8.998029693105657145e+00
9.013506273046834494e+00
9.015991983952345024e+00
9.042206605952177512e+00
9.085174103688897773e+00
9.128775937869276547e+00
9.146071199354681269e+00
9.191554949635886373e+00
9.218355110150676879e+00
9.240131743955371846e+00
9.291887202577388649e+00
9.292821150500394367e+00
9.307778621817996978e+00
9.341653717120685485e+00
9.342549885118504704e+00
9.364930278874904701e+00
9.370082674651982302e+00
9.382714024742007553e+00
9.390195313827955914e+00
9.398191701452088154e+00
9.435295426530586838e+00
9.468720107886612780e+00
9.510422705018113376e+00
9.573172622449458657e+00
9.584429383314761353e+00
9.592385709614159595e+00
9.614647330363018440e+00
9.620472225643810660e+00
9.628813267217836369e+00
9.739510843106758742e+00
9.744781355546106028e+00
9.804350285041818935e+00
9.853711296702208244e+00
9.856729233145106406e+00
9.887661843715539689e+00
9.897911971026760014e+00
9.959708749053378440e+00
9.997296172878801457e+00
