-1.495665827613164023e-01
-9.965966043930092610e-02
-9.239770971309202441e-02
-9.185883013483912840e-02
-6.825789303578971845e-02
-5.408636243726266946e-02
-4.697310764955378581e-02
-3.407045890166943147e-02
-1.810354185462753618e-02
1.045100687201580558e-02
1.481121978181412779e-02
3.715194083035358585e-02
4.214194690359235329e-02
5.905625055175300897e-02
7.148115257965870217e-02
8.173610178866824727e-02
2.006996357763620176e-01
2.467541833341996838e-01
2.663201799016791105e-01
2.708470578683306873e-01
3.338676374262307678e-01
3.491600748014802025e-01
3.512708480409151846e-01
3.710079001925621900e-01
3.781849803277299027e-01
4.843570668480569608e-01
4.917829210659076522e-01
5.065101944365115738e-01
5.148941984917627668e-01
5.973776707301243771e-01
6.275877528771007796e-01
7.020609393934289510e-01
7.027513161515202000e-01
7.533526222497310965e-01
7.718755233414040795e-01
8.108551489580884120e-01
8.350052986736491434e-01
8.609762552181956519e-01
8.949819539205268182e-01
1.005862215325235676e+00
1.014053312854932054e+00
1.175891246098587972e+00
1.187357680541617055e+00
1.201245916103803379e+00
1.220334241405270248e+00
1.303017273480487903e+00
1.331455046555152677e+00
1.359493277767260144e+00
1.414289525099974520e+00
1.437386694221755246e+00
1.465400810431102485e+00
1.468227220946410005e+00
1.474631997935605954e+00
1.501268287403979773e+00
1.504309753941224681e+00
1.614769499793947238e+00
1.624538488749219356e+00
1.628400933827653496e+00
1.657066522100976380e+00
1.676586247463697887e+00
1.680793610547371975e+00
1.709515017884286170e+00
1.714758561668487058e+00
1.808442758657940130e+00
1.813887746697879111e+00
1.872862279663416674e+00
1.990523988975690939e+00
2.008386428120331413e+00
2.138101631051079643e+00
2.146074277208774639e+00
2.178921988335035920e+00
2.182590017793361259e+00
2.269407582576776772e+00
2.301005250802889091e+00
2.306571139399216097e+00
2.402222238341946703e+00
2.458040290360695934e+00
2.491627993314452283e+00
2.512645204842248070e+00
2.522252841137893942e+00
2.526595992961567116e+00
2.563466710716902686e+00
2.564291427181746741e+00
2.624538136983609160e+00
2.648903572135455686e+00
2.680009045695241010e+00
2.723883005741993379e+00
2.777526124105030636e+00
2.789146633866903091e+00
2.803698231934173446e+00
2.810225941627892077e+00
2.815382859845678709e+00
2.817745493270087831e+00
2.826319670140263973e+00
2.844186269266398615e+00
2.861638487128025599e+00
2.926520403357752986e+00
2.944534241028691657e+00
2.996854310649710307e+00
3.008726715030705989e+00
3.014650977728640324e+00
3.048749362570720045e+00
3.051399548066312750e+00
3.087225907881050446e+00
3.118797687633851012e+00
3.122285036614685261e+00
3.128633609728441289e+00
3.152620097495668627e+00
3.161848953211567004e+00
3.173836052111552064e+00
3.179607487650120135e+00
3.184853041717445432e+00
3.201726644485946682e+00
3.217464515389224733e+00
3.223987168284927485e+00
3.247595316162065870e+00
3.268745718603669026e+00
3.281941687997655066e+00
3.313889196082989930e+00
3.446261454980298566e+00
3.472136523299100830e+00
3.555981232978223439e+00
3.565531936851900952e+00
3.649456903500403637e+00
3.663241323689154338e+00
3.683568185376618231e+00
3.709769899609255184e+00
3.712560926879440171e+00
3.727533301882062666e+00
3.744191192001027346e+00
3.753154535872980091e+00
3.755391434832929587e+00
3.771884924166986508e+00
3.786925713572741437e+00
3.803989407606276352e+00
3.971070966424399273e+00
3.999093246181088190e+00
4.015095085307910594e+00
4.099201848478791987e+00
4.127347724138920704e+00
4.139157908564669697e+00
4.164956344272038535e+00
4.193049040990331378e+00
4.463867710359420649e+00
4.545523714839259988e+00
4.627910934937739640e+00
4.644894571223058044e+00
4.678059496003557527e+00
4.687876529434753969e+00
4.758621375935667253e+00
4.770439382741343159e+00
4.795525341544736087e+00
4.814998654050633320e+00
4.877466651201546100e+00
4.896024118832710492e+00
4.942972611347792089e+00
4.943633863414982343e+00
4.989657991225916689e+00
5.006616970151603674e+00
5.034422266016799874e+00
5.094324537038813716e+00
5.156831753360429538e+00
5.205727490128409407e+00
5.208394021041789834e+00
5.214473801884130566e+00
5.288503728610689514e+00
5.371377516237306970e+00
5.372838902682753215e+00
5.412277442534744409e+00
5.484217986570874004e+00
5.531635772928848560e+00
5.540232836117895410e+00
5.541280408791008583e+00
5.575649412784698278e+00
5.576445233386590594e+00
5.579268100170040157e+00
5.605668399016079384e+00
5.638439910852042658e+00
5.690736862584350853e+00
5.718972247459536362e+00
5.749184358489300983e+00
5.809593017115171065e+00
5.836347474465040541e+00
5.836585549942459927e+00
5.854475862849692902e+00
5.881955845717887321e+00
5.953336816402654996e+00
5.954986311289157008e+00
6.000820142512931277e+00
6.027651186213391021e+00
6.048885524921683299e+00
6.087850330750296024e+00
6.135224560667902338e+00
6.207119474786588320e+00
6.208487791240650644e+00
6.224261583285035648e+00
6.236991400346277636e+00
6.238554214921285812e+00
6.240981936261682073e+00
6.267913189771070037e+00
6.306157345987361218e+00
6.309771068946497863e+00
6.350068353025665857e+00
6.357584654008404890e+00
6.396200747323513625e+00
6.397475813661830379e+00
6.404888989124927434e+00
6.433867801400272590e+00
6.438625222576682461e+00
6.456774733625626261e+00
6.461422600045945153e+00
6.589961202721306144e+00
6.590576524933716485e+00
6.620567453291704929e+00
6.680989765888450727e+00
6.800096905411231241e+00
6.813870925697009362e+00
6.820805260058529385e+00
6.827150804547170715e+00
6.930557891855246844e+00
7.019113100499920321e+00
7.053660619733634896e+00
7.281493596485654862e+00
7.330354007162743102e+00
7.416042412134669526e+00
7.419253928382378405e+00
7.431096112789434827e+00
7.449231175211487255e+00
7.541912877753807365e+00
7.559075221140892253e+00
7.647415836791712884e+00
7.740701730886424770e+00
7.757468673877239596e+00
7.784124517867347492e+00
7.789182503126087731e+00
7.843753003761441356e+00
7.851010590664983191e+00
7.873170607743959160e+00
7.879746191525167198e+00
7.883854475325237310e+00
7.913539717779856097e+00
7.917720072944093523e+00
7.959357298480202125e+00
7.994201813382049160e+00
8.023387872561956513e+00
8.052849552753892581e+00
8.086652695109838973e+00
8.153814718736873246e+00
8.194034300019255923e+00
8.255501700711217694e+00
8.270863152390791839e+00
8.357749542713429847e+00
8.376387598436775050e+00
8.403682281080566696e+00
8.414067329698069031e+00
8.478569994092726603e+00
8.494407044919668692e+00
8.498943289249085709e+00
8.518676623379439761e+00
8.524673371347342155e+00
8.527574892479325541e+00
8.604192772578709736e+00
8.613074252534417496e+00
8.620170958106475823e+00
8.696687879903928220e+00
8.756795183485765577e+00
8.804509863513303003e+00
8.808226550034525815e+00
8.879306827383468104e+00
8.879470294304582012e+00
8.923297426078754313e+00
9.000897259468070288e+00
9.020609631625868374e+00
9.029234296253992653e+00
9.039183383309888242e+00
9.048458700097738117e+00
9.053327327347192366e+00
9.085196004198706987e+00
9.220056724805269610e+00
9.343234877036460162e+00
9.542951120695429168e+00
9.555217101477838426e+00
9.569520236046718864e+00
9.641804768053189534e+00
9.777016692120296781e+00
9.818422799369335152e+00
9.835692045126403826e+00
9.914742984631173428e+00
9.920315080820605758e+00
