-1.290155241564537314e-01
-8.609255072623260563e-02
-6.780154251887463013e-02
-6.322356730427067251e-02
-5.650199818682771769e-02
-1.757813673833058532e-02
-1.863113266584670580e-03
7.260109454347868363e-02
1.414563407238906834e-01
2.619192362516440387e-01
2.718607223952581031e-01
2.943830034281798014e-01
2.995847948789209791e-01
4.093018380052091953e-01
4.197038584782322723e-01
4.270967497683674785e-01
4.710341868133452459e-01
4.869446947657751212e-01
5.305590683732002155e-01
5.329465665017827369e-01
5.483977671643718299e-01
5.581174934002970378e-01
6.141507499770328948e-01
6.224240658980306762e-01
6.548950238420343517e-01
7.289864149844538233e-01
7.327722494381165852e-01
7.338604859439925576e-01
8.719950924217978461e-01
9.119415337035254865e-01
9.711685646890924062e-01
1.029015674061030117e+00
1.036694654418021999e+00
1.046157722353551200e+00
1.046626444013121437e+00
1.064505702693929301e+00
1.098518054232491048e+00
1.123327992909310957e+00
1.146652468186707408e+00
1.213080070060242210e+00
1.215290563550222913e+00
1.239078871751060351e+00
1.284069764793339896e+00
1.317189456017837434e+00
1.436868040428765925e+00
1.438721844669829553e+00
1.453821754029744229e+00
1.514314942612471571e+00
1.577430539691581757e+00
1.581866196496273913e+00
1.699790745342890430e+00
1.766095060421170926e+00
1.814514465461555259e+00
1.915878770085417182e+00
1.927861913035986641e+00
1.943183276806315307e+00
2.013348869352065584e+00
2.022102602803951044e+00
2.075047934870920319e+00
2.088321331845467643e+00
2.144023892775326789e+00
2.169025238818762080e+00
2.181278882889909454e+00
2.267592034234523268e+00
2.299396928372522186e+00
2.318689185786030560e+00
2.341663135537908058e+00
2.395386200719920478e+00
2.434436254317133841e+00
2.447196983010424098e+00
2.528100150922997003e+00
2.637183401346477662e+00
2.638415257275832815e+00
2.729749877555304849e+00
2.732386794657630791e+00
2.821693333748264365e+00
2.865857991253257353e+00
2.902574909377517720e+00
2.940505508313224770e+00
2.957072470651819440e+00
2.977564962418735472e+00
2.983404079638814821e+00
3.025806389481459302e+00
3.026258677965045329e+00
3.028229158748197314e+00
3.044882680600224933e+00
3.086592667069708806e+00
3.100155643367149771e+00
3.118026913901290609e+00
3.156704036640792133e+00
3.189142946835160419e+00
3.286810524293211522e+00
3.292022335138113487e+00
3.443734585116124514e+00
3.496362861663981469e+00
3.502230307886831095e+00
3.595846286561484639e+00
3.596474818838043763e+00
3.614860024098256019e+00
3.639959772014173645e+00
3.657069336262028791e+00
3.657187656903035933e+00
3.704160279867546368e+00
3.798758874195887980e+00
3.850578134135591135e+00
3.859009158471017109e+00
3.961790360454520155e+00
4.011723737992114458e+00
4.024418365016734001e+00
4.093601274511796895e+00
4.163864751038493850e+00
4.179911099957345222e+00
4.193238765594894168e+00
4.228873201734387521e+00
4.233769394160302291e+00
4.249231064214399112e+00
4.280748466342470415e+00
4.296393728594253503e+00
4.299272066703001549e+00
4.405165489431921877e+00
4.508909216445040613e+00
4.552467809137693777e+00
4.573106170687637473e+00
4.649394069671146212e+00
4.653356072498432638e+00
4.660518115633403902e+00
4.669064489579778154e+00
4.711567575812605213e+00
4.723823296805369054e+00
4.734766185431861452e+00
4.751302805502651161e+00
4.751905882945771431e+00
4.755714932856933252e+00
4.784403142338256920e+00
4.821328638313373993e+00
4.853229204195709023e+00
4.880309227696753460e+00
4.907262140610066936e+00
4.942028766517333693e+00
4.947286739606155948e+00
4.984723682618871443e+00
4.993536213519257139e+00
5.017420793907454879e+00
5.021869136650202847e+00
5.023724429579704776e+00
5.076844483260051888e+00
5.153214746039169292e+00
5.157307823017719173e+00
5.158386304538281841e+00
5.190464281965103233e+00
5.196082663860871698e+00
5.214541452176035818e+00
5.229129492495458997e+00
5.239200653909697358e+00
5.281905199704077347e+00
5.308669097347808119e+00
5.319340209311559597e+00
5.345094706321118494e+00
5.427063769050811004e+00
5.451124564382816118e+00
5.473358094959558606e+00
5.493284748286982655e+00
5.510985888465379290e+00
5.513499022936318106e+00
5.629920407934505100e+00
5.653277939005078245e+00
5.672673286756144684e+00
5.744782023864380527e+00
5.826274903421815310e+00
5.912799849650529183e+00
5.933481254850447861e+00
5.950374895517021478e+00
5.994802751965703891e+00
6.039708444556997513e+00
6.043084355095048821e+00
6.069031587246737303e+00
6.084887900825538765e+00
6.087982762107196244e+00
6.089617925723513459e+00
6.121353370651347880e+00
6.164634714987175634e+00
6.198788479940225749e+00
6.263124776332706034e+00
6.286030553750340033e+00
6.364148789115364302e+00
6.410685248537182801e+00
6.464139060566335360e+00
6.524523615227263207e+00
6.688989839531747528e+00
6.831632483857582372e+00
6.911960704416713952e+00
6.952520345313678796e+00
6.977071240081837544e+00
7.028323766069505041e+00
7.054863662177120354e+00
7.134857895429632890e+00
7.253384660077707657e+00
7.288779653908157741e+00
7.330774220205971581e+00
7.379504979885423310e+00
7.383651216726573985e+00
7.424422901597933055e+00
7.502615467848844588e+00
7.562140993841535597e+00
7.628752215346287890e+00
7.680629379756996222e+00
7.687364207283842177e+00
7.717860228815409229e+00
7.916355715680558625e+00
7.927469622647639547e+00
7.944838529100961999e+00
7.948756416460507346e+00
7.970064343485304015e+00
7.988780223618051402e+00
8.031910425060411640e+00
8.040019347314071751e+00
8.050085920538496254e+00
8.067767951545013361e+00
8.085931682408949328e+00
8.103083394439256182e+00
8.113203524942644407e+00
8.123460833120114799e+00
8.166782108613604763e+00
8.181952083275399801e+00
8.194642963752659881e+00
8.194955331345738614e+00
8.235973175068497909e+00
8.238745162663166255e+00
8.243055332774616772e+00
8.249494450306835702e+00
8.254725954099981777e+00
8.258767256229496923e+00
8.369137697556279676e+00
8.426920956936115203e+00
8.455153800603804726e+00
8.474257245322441179e+00
8.492613592900582375e+00
8.504289119471033942e+00
8.504856986596928792e+00
8.523638757840991786e+00
8.668358154387799885e+00
8.670613108193194307e+00
8.681518533040307517e+00
8.709743745774229495e+00
8.768179450246213591e+00
8.769172080696973737e+00
8.809226022529719202e+00
8.824597653766831584e+00
8.849748724677391820e+00
8.867688925902852404e+00
8.870748904437206761e+00
8.881491009036635020e+00
8.925391267296475917e+00
9.062946844552406844e+00
9.075631754392997408e+00
9.107152199179603613e+00
9.109220509977086877e+00
9.155428452281894280e+00
9.242351146432472575e+00
9.247098761072916062e+00
9.365541449585041534e+00
9.400519009482339428e+00
9.402513222372743229e+00
9.463664834889677024e+00
9.515224442578581687e+00
9.527942447131207970e+00
9.590325098847712226e+00
9.655368851596090707e+00
9.693047472615596405e+00
9.712834504263510027e+00
9.724076756468996052e+00
9.750936554724230376e+00
9.769702736221921313e+00
9.789279223573949196e+00
9.807565460139150204e+00
9.902069236331392688e+00
9.918216245699344569e+00
9.929887246594162775e+00
9.951971073158324188e+00
9.967357152651107555e+00
9.971490492114536863e+00
9.986527416809911628e+00
9.996278468897598302e+00
