-1.948852095575842325e-01
-1.667721133340159256e-01
-1.488255840583947998e-01
-8.849947194384723270e-02
-5.354265460866319826e-02
-4.274277441600649041e-02
-4.217113218760967785e-02
1.559504555733320919e-02
4.436001003018733013e-02
9.867556038400232543e-02
1.045733368921471507e-01
1.792811226433585481e-01
1.880121830409977601e-01
2.448548434521451989e-01
2.642795393685033467e-01
2.823777841106011044e-01
2.872512345722592619e-01
3.127235718792791830e-01
3.167546706773798904e-01
4.267888686141455001e-01
4.571497790079852019e-01
4.753208592654777909e-01
5.098433786027414261e-01
5.105714420581892732e-01
5.380234010979501047e-01
5.567367035188579560e-01
6.755337398682126349e-01
6.780789895745384932e-01
7.360305274506084849e-01
7.689363163400682044e-01
8.005161693847038240e-01
9.060912741709590268e-01
9.421275337240364589e-01
9.498593782381226092e-01
1.007968248058709104e+00
1.013944466853549331e+00
1.027758681071639701e+00
1.049020160913711086e+00
1.169034487119287924e+00
1.200178548091361597e+00
1.209242486542739803e+00
1.265837236639702823e+00
1.352887090652451052e+00
1.438835593655290790e+00
1.525531748523919040e+00
1.584691387974389798e+00
1.759543633429483389e+00
1.762966477181946212e+00
1.773923724601318863e+00
1.798637038768757135e+00
1.839786765526479018e+00
1.853931937112050621e+00
1.855390243864406541e+00
1.904490777009658631e+00
1.992990579775124838e+00
2.062345024369384827e+00
2.130689145758441594e+00
2.151034473943953973e+00
2.167934704370856558e+00
2.331630170944599012e+00
2.368703119083028774e+00
2.417529344514530720e+00
2.419043748543503014e+00
2.437362416662705034e+00
2.481815528352233180e+00
2.511627359475249843e+00
2.597775794929161552e+00
2.618325577807247839e+00
2.634811036087792324e+00
2.717061069751338209e+00
2.785895304004423423e+00
2.799744425082682397e+00
2.820946956796731797e+00
2.940244806369681552e+00
2.974363346653706497e+00
2.974869419097507794e+00
2.985883389645509034e+00
3.005010802284441951e+00
3.081925761229207250e+00
3.093391435519890376e+00
3.096035345545236961e+00
3.116165715765507382e+00
3.119272096702011776e+00
3.186493038333351180e+00
3.198210035202113222e+00
3.198366637768220055e+00
3.208773442193129544e+00
3.273900406689211451e+00
3.302949304929057917e+00
3.323587464858904550e+00
3.332261184286947397e+00
3.345074465705740074e+00
3.346678034398471890e+00
3.382706781415654618e+00
3.483808972347317567e+00
3.520376683742959312e+00
3.538274525201576814e+00
3.571571008301053229e+00
3.605281770975770961e+00
3.623771283329667359e+00
3.687769818140959277e+00
3.699475517533014735e+00
3.732200880325860837e+00
3.757504964863703556e+00
3.768291093237553291e+00
3.803007074760991202e+00
3.820291143151217206e+00
3.843006634229483964e+00
3.873001005590711365e+00
3.886276533116550524e+00
3.936274313967448535e+00
3.955441454514871502e+00
3.956511377845338018e+00
4.032568160204627716e+00
4.045865978794194184e+00
4.055749565498745213e+00
4.065341752469323389e+00
4.073082940804984453e+00
4.093104687107850914e+00
4.102990723766103187e+00
4.151811570049540379e+00
4.187269546224170469e+00
4.193490785513048991e+00
4.225750828899330180e+00
4.235355558088191863e+00
4.237691553523684540e+00
4.239478032261654761e+00
4.266412976245576694e+00
4.295323080914063674e+00
4.356688652795373429e+00
4.372146356369188247e+00
4.381454249024232084e+00
4.506856190077496827e+00
4.521482635937080552e+00
4.539957711835087117e+00
4.585574404469302756e+00
4.599636693474622895e+00
4.639287482274939478e+00
4.675800455824399293e+00
4.689139407634639767e+00
4.726127526196487239e+00
4.730702820179149448e+00
4.758873952263260598e+00
4.782777260420541410e+00
4.801402422194374076e+00
4.824734091857563634e+00
4.861879374945931254e+00
4.939339344183465208e+00
4.962369520005023737e+00
5.010822280619213309e+00
5.017075855301357024e+00
5.059892927925469408e+00
5.087504406102419274e+00
5.119681916163742130e+00
5.157891674042256902e+00
5.260927965389666561e+00
5.287359648559804448e+00
5.301068524026638862e+00
5.355125839247230957e+00
5.360443246144339646e+00
5.394429631556634241e+00
5.431956287406126016e+00
5.460014908361370267e+00
5.477018842985076574e+00
5.481858499180618516e+00
5.485637338076190694e+00
5.533317142328372462e+00
5.575670783914417505e+00
5.588927040632824195e+00
5.600811726832079174e+00
5.663804985096350997e+00
5.673438140281367836e+00
5.685731769481759734e+00
5.707520039434626824e+00
5.765512236929351886e+00
5.778758243942806239e+00
5.789279438853269788e+00
5.805394677898943812e+00
5.870805909769544861e+00
5.923723674951624218e+00
5.975733879806494286e+00
5.976823361812214408e+00
6.003556882616582158e+00
6.116158003750681083e+00
6.178105236390397437e+00
6.188563030238967144e+00
6.198543065454263257e+00
6.207760084307232695e+00
6.286812205212841675e+00
6.308055754427897455e+00
6.330772335891642122e+00
6.350274780872940283e+00
6.389372627356439516e+00
6.408294670554607109e+00
6.410020119137215033e+00
6.431339418933526453e+00
6.520597479277932429e+00
6.595423223569422788e+00
6.596387355858420953e+00
6.620325140353204851e+00
6.625673866985638760e+00
6.634419902675605663e+00
6.744657485866230928e+00
6.748727416046046201e+00
6.818736526721567159e+00
6.821578890734751432e+00
6.830373162695912548e+00
6.890110926608127073e+00
7.021376585015574712e+00
7.042368205592985930e+00
7.069103984507960625e+00
7.079783718682338467e+00
7.159121265062833750e+00
7.181515608835728592e+00
7.208172650188934938e+00
7.213358284142904253e+00
7.216653378972396560e+00
7.341677707782572782e+00
7.356362762607181693e+00
7.366896951877782485e+00
7.378632172598261540e+00
7.404779778112612121e+00
7.406702013082847813e+00
7.473101331061992703e+00
7.498737899659958295e+00
7.517723084354419605e+00
7.521983650429006296e+00
7.536133745661208749e+00
7.562551293194467839e+00
7.563415738825484347e+00
7.574118301452281266e+00
7.658810003752642537e+00
7.757883201565260123e+00
7.759549614171645793e+00
7.782928727595298746e+00
7.791871962723889489e+00
7.792978299683100296e+00
7.806647664150237809e+00
7.827827250668472736e+00
7.830436877460003053e+00
7.871242340614430510e+00
7.917372431285806478e+00
7.919047879207544050e+00
7.940114761281166444e+00
7.968231773918099670e+00
8.010355958489927986e+00
8.042110053226343425e+00
8.043467147990009281e+00
8.063228635959676538e+00
8.071453711807370368e+00
8.097375177699065674e+00
8.127442391336325400e+00
8.207196394588240906e+00
8.225156345896627030e+00
8.230229694077030089e+00
8.257115709753566790e+00
8.258539279994923987e+00
8.307281950527650949e+00
8.330754023112238116e+00
8.347879408833319914e+00
8.482580625096385774e+00
8.498423746340483476e+00
8.538289422502138848e+00
8.574797346605407711e+00
8.584717654425285005e+00
8.637241007847427099e+00
8.660682037098327513e+00
8.689860714001463649e+00
8.713912309472691575e+00
8.731529112301533502e+00
8.765720542089347589e+00
8.771136186886158370e+00
8.802218169620928734e+00
8.907003109227735749e+00
8.957463724372594527e+00
8.988858598322417848e+00
9.013180801971621747e+00
9.027739953561045638e+00
9.085105591590524554e+00
9.090815922082681411e+00
9.117437909335510682e+00
9.183255986283294092e+00
9.251238181626188606e+00
9.293259628617141388e+00
9.316816083510929047e+00
9.374140990787294569e+00
9.547640731297329708e+00
9.547771508669885776e+00
9.562063746457695856e+00
9.568012953193777648e+00
9.597369866445008668e+00
9.608015667210496602e+00
9.666249117350968589e+00
9.728218813003952192e+00
9.761249611122508441e+00
9.766986100235751422e+00
9.778768698103059265e+00
9.811820390424948357e+00
9.847801628749923708e+00
9.863509584948555897e+00
9.886139441854739474e+00
9.912134461415183395e+00
9.943474468894578422e+00
9.961441784019045897e+00
9.969448832108609437e+00
