-1.572758069682026749e-01
-1.282503025677425024e-01
-5.548343580599451874e-02
-3.022653020514803890e-02
8.702085498694822618e-02
1.573529945731687585e-01
1.595681302232751508e-01
2.036891402608637103e-01
2.119576774657775942e-01
2.592565877283963816e-01
2.783150400679361702e-01
3.252288381965219854e-01
3.273010254231146221e-01
4.047126686290222763e-01
4.081270017115538606e-01
4.425990396104199642e-01
4.514746037814544866e-01
4.635726661139570326e-01
5.088863063669051279e-01
5.296564485606765071e-01
5.632910300475375553e-01
6.091381811928684442e-01
6.540837939866890327e-01
6.549766125872837907e-01
6.881824334228996420e-01
6.980201733536011144e-01
6.984433814729265055e-01
7.193982793615099069e-01
7.228649535303039997e-01
7.546795823882384013e-01
7.563317096407355944e-01
7.843156135647690874e-01
8.179927549315533231e-01
8.373000248196722506e-01
8.793568479910169877e-01
9.138437209009977469e-01
9.228826886767029780e-01
9.236503248291925150e-01
9.800721629340389818e-01
1.012948777915686271e+00
1.020815196275092873e+00
1.047097801432726794e+00
1.117336887773983989e+00
1.138071090937453844e+00
1.174025882598674686e+00
1.277173167860293779e+00
1.287229619832460648e+00
1.295057973401831264e+00
1.343616206273686053e+00
1.448836386552444733e+00
1.451926922280906140e+00
1.547893694883329729e+00
1.636296041172251359e+00
1.638256685122373213e+00
1.652029477688604420e+00
1.702895924357962443e+00
1.751285982058729429e+00
1.764869957175619675e+00
1.784527545749716282e+00
1.790261048300591851e+00
1.800398599665621768e+00
1.859641088533233289e+00
1.956454020316102715e+00
1.966084042196955872e+00
1.992225809244823731e+00
2.018966589765229358e+00
2.027041578403340427e+00
2.087497808885992789e+00
2.135513474394218569e+00
2.289447165284437702e+00
2.312609828856424077e+00
2.331648829427907632e+00
2.337203148698890676e+00
2.357155710381875213e+00
2.371662040459902698e+00
2.379910691661626387e+00
2.386481609351799982e+00
2.391865015397680594e+00
2.395566148073912771e+00
2.418087731281183039e+00
2.433034184895691343e+00
2.493278047471478853e+00
2.510871746715073183e+00
2.568066989954889578e+00
2.569871387382267169e+00
2.616683884593796527e+00
2.618770976628705505e+00
2.655978003817779154e+00
2.659082524796335445e+00
2.719175779283577121e+00
2.746933065528811113e+00
2.885492424570515801e+00
2.930602307159247299e+00
2.937476209834422480e+00
2.970359032692859724e+00
2.971768306780246061e+00
2.991735818686326098e+00
3.123574851297298949e+00
3.132784803102640403e+00
3.146626417793931818e+00
3.194244791597597555e+00
3.220223953161478470e+00
3.245066611961681780e+00
3.271840672831841879e+00
3.273307294861155459e+00
3.284400737050098051e+00
3.388647458089973252e+00
3.451729220622705263e+00
3.513226808558077341e+00
3.525035822716511724e+00
3.564245323298496970e+00
3.602526516808595591e+00
3.662898324120026583e+00
3.663966328583343923e+00
3.666064488985715464e+00
3.786813756682206211e+00
3.874695466974462654e+00
3.907865533871712316e+00
3.915459315719789224e+00
3.962810111993006146e+00
4.043525049986819830e+00
4.061323407984430034e+00
4.074166375560922759e+00
4.118745954239066087e+00
4.155998026335749884e+00
4.193137938685686628e+00
4.270367114655800655e+00
4.313559996599831692e+00
4.330556127319610482e+00
4.362750375640747080e+00
4.367297802269032303e+00
4.395460751777095609e+00
4.456207594417784357e+00
4.485093607143816108e+00
4.600822126296052694e+00
4.678081268394806536e+00
4.687753828401874046e+00
4.712295890841343926e+00
4.737664999719542358e+00
4.749730555442380542e+00
4.770092724812537099e+00
4.829090008448917004e+00
4.845529958601401788e+00
4.900403764609480461e+00
4.946209373746687454e+00
4.967795469304482125e+00
5.002460593751935747e+00
5.102209699262403753e+00
5.111323060965287546e+00
5.162089647751108679e+00
5.201091645213548276e+00
5.206189273949404672e+00
5.326415358647935250e+00
5.339534845293441911e+00
5.388764518397234582e+00
5.410916350982649448e+00
5.475966240812576658e+00
5.486313693258431989e+00
5.488870584227174554e+00
5.539828179654673335e+00
5.546195402666136864e+00
5.547090558138702221e+00
5.557890472925441472e+00
5.575743896201006855e+00
5.618020022631522004e+00
5.627141531407570341e+00
5.687734814818993456e+00
5.690574552725086832e+00
5.712252465768008491e+00
5.857927032576990989e+00
5.861689389101023551e+00
5.914693419294732024e+00
5.948203193151291757e+00
5.972083247950036977e+00
5.974885754853674236e+00
6.122886285722098698e+00
6.136054259799623267e+00
6.168164288941690110e+00
6.174007139700263380e+00
6.221165271382190554e+00
6.223415488889501468e+00
6.246281883581740857e+00
6.250870252166149221e+00
6.342016634185220880e+00
6.400649198147024599e+00
6.443365049184679449e+00
6.446082302639633888e+00
6.447420477083046109e+00
6.452015050965821175e+00
6.469628857100767405e+00
6.490343460094034178e+00
6.509548614108090270e+00
6.528534197378371040e+00
6.605354353649998345e+00
6.608441391607476234e+00
6.645443677608469102e+00
6.665418227496785697e+00
6.672505879209805535e+00
6.678113155670340362e+00
6.687760549479434324e+00
6.701773490610883677e+00
6.706841873232531448e+00
6.720145547078157477e+00
6.722801646024126221e+00
6.761457355589573837e+00
6.807842787889797798e+00
6.813864654557034051e+00
6.815977623833964216e+00
6.833704212226240138e+00
6.922159651153835469e+00
6.944652986297245256e+00
6.984229234508045003e+00
6.993965512763902659e+00
6.996206038144306305e+00
7.091115427313209096e+00
7.215569147468468891e+00
7.290959513892214083e+00
7.319206448850578361e+00
7.426392211427520706e+00
7.428614498035656766e+00
7.429001351781850282e+00
7.466722170485462939e+00
7.472169876366227648e+00
7.500669198315597086e+00
7.512123797284415261e+00
7.539128963844478726e+00
7.549198185575367148e+00
7.592064156986590540e+00
7.597668730984151075e+00
7.694286979174793650e+00
7.731001530669230348e+00
7.877209936632213250e+00
7.891174083758833113e+00
7.901521935258785767e+00
7.916522058699359654e+00
7.921849047882843387e+00
8.097960461327851078e+00
8.112169824050001310e+00
8.121820091950583631e+00
8.163842824182642843e+00
8.176363567946459909e+00
8.188843229573643967e+00
8.202020216126657104e+00
8.247792613456569555e+00
8.296587920358540202e+00
8.297206381370454409e+00
8.336748095126226943e+00
8.337395486250555265e+00
8.347223631170360036e+00
8.403686363146295690e+00
8.552782344874529485e+00
8.611297489658641169e+00
8.645349579250760641e+00
8.651739778197399033e+00
8.707146338307802935e+00
8.726000950013339974e+00
8.762266480737253005e+00
8.793122833492272861e+00
8.799898489643407373e+00
8.804887519713254562e+00
8.865412348321267899e+00
8.925824272486373445e+00
8.996475295764192026e+00
9.040675216556996574e+00
9.078927733469152273e+00
9.165152387916338128e+00
9.190952474934311667e+00
9.408612521749772029e+00
9.463758097836207028e+00
9.503813097969258550e+00
9.511861961962676304e+00
9.524760372413242138e+00
9.626461281165905604e+00
9.658218847352690872e+00
9.731403010649419372e+00
9.735266291351901913e+00
9.760401115693115415e+00
9.789405053295109127e+00
9.811694110777308353e+00
9.821915067947648126e+00
9.833167966511789260e+00
9.840198774926593117e+00
9.852219186424525432e+00
9.852320358068610062e+00
9.856614748651358227e+00
9.859607789891436269e+00
9.888742262248142012e+00
9.950106864548857288e+00
