-1.338075606792180627e-01
-1.054470258242269087e-01
-9.451787606611047887e-02
-5.776605688890440460e-02
-1.976787605248514490e-02
-7.704308514767166383e-03
2.449691210909488159e-03
1.638884038319846081e-02
8.726109217048028110e-02
9.612080988694138295e-02
1.161577442879625499e-01
1.339275096024895584e-01
1.638789603102872583e-01
1.728112226379571736e-01
1.734514773140536370e-01
3.088410700972704093e-01
3.912193334300150815e-01
3.977630091479981700e-01
4.756693495453079845e-01
4.958180391651558216e-01
5.996772281142748184e-01
6.205469646407728579e-01
6.465790039141192658e-01
6.628358170475374678e-01
6.650806899880781220e-01
6.760137301006665655e-01
6.784362735672491151e-01
7.019466875230864211e-01
7.417972179659728660e-01
7.602232856110267001e-01
7.901263543884775586e-01
8.391277077708716448e-01
8.549962466695080199e-01
8.624524972085467756e-01
8.711376426803525419e-01
8.976063663373756718e-01
9.084725978695953330e-01
9.970344684063248142e-01
1.068130550898749309e+00
1.102664213810859772e+00
1.109026258896122608e+00
1.135253074766751524e+00
1.164600351623454655e+00
1.175474318826210895e+00
1.220251162603413153e+00
1.276647934281825991e+00
1.294843493882843033e+00
1.306863581133657304e+00
1.396480015919478790e+00
1.406944334477958858e+00
1.447440214956293270e+00
1.449378825496937084e+00
1.512592922233382930e+00
1.540789257947379642e+00
1.548610411190856073e+00
1.561423654446149500e+00
1.586906160430527901e+00
1.650728597356406313e+00
1.676097935942166606e+00
1.701988966281132942e+00
1.865680594254356395e+00
1.943274204390053717e+00
2.011741889556778684e+00
2.012313186694129286e+00
2.013333494429998538e+00
2.080422999802392425e+00
2.102029763934297524e+00
2.109060802122611822e+00
2.115446475544380256e+00
2.121213942966917010e+00
2.126503835000738363e+00
2.134406548741831777e+00
2.146071249728631614e+00
2.155817349456838894e+00
2.203387729142676665e+00
2.210850235847275247e+00
2.231671644834690937e+00
2.291880301733414615e+00
2.298490879989499192e+00
2.307144127915023990e+00
2.343762196078084337e+00
2.351262562747439944e+00
2.375454262998215604e+00
2.400908294527173137e+00
2.403951386972295712e+00
2.442763816205086869e+00
2.508536238593893852e+00
2.526439007522767177e+00
2.542482373655079453e+00
2.583654816350521521e+00
2.603172373568880094e+00
2.625160589003745493e+00
2.633016649515228291e+00
2.688238083692974456e+00
2.696967697348573889e+00
2.728174937454491911e+00
2.729225848775703067e+00
2.739173838380406067e+00
2.743408888437679938e+00
2.776946406679134949e+00
2.780113419886420356e+00
2.784107884379480868e+00
2.872390166962341951e+00
2.919655591116926185e+00
2.930554993560428478e+00
2.940567927708431561e+00
2.960454459426338669e+00
3.039186630207997730e+00
3.043309951883202746e+00
3.071113149309685042e+00
3.227090174695820934e+00
3.300285282810669241e+00
3.407321783185049746e+00
3.421058257031097227e+00
3.452742463254671712e+00
3.481890272720919555e+00
3.502389757368820966e+00
3.605332494147122091e+00
3.662070977164763708e+00
3.710144000809431297e+00
3.768609213872062824e+00
3.794583060993622414e+00
3.825351519991221139e+00
3.855654621111709091e+00
3.871888591289505577e+00
3.896191841867700845e+00
3.912207458123972970e+00
3.929342462752136278e+00
4.000901336967852551e+00
4.009064440679802388e+00
4.086919460799665949e+00
4.122852855463064792e+00
4.141449743309593146e+00
4.152837605610344873e+00
4.254167334625863717e+00
4.283643220748917457e+00
4.296541605858323898e+00
4.306996684965580968e+00
4.340829200797355902e+00
4.358621880068850984e+00
4.378341236672244285e+00
4.426080043088843397e+00
4.501952307847667534e+00
4.513978985745726646e+00
4.514366745123314040e+00
4.522512383170872674e+00
4.584793266337101159e+00
4.655161000199493415e+00
4.751744804663710298e+00
4.785833027657959704e+00
4.861376415131916318e+00
4.869605455959312046e+00
4.915734186979736187e+00
4.969598835354667621e+00
4.979271324673251620e+00
5.057950412901843329e+00
5.063096154959114692e+00
5.063936922646667504e+00
5.069868323805536647e+00
5.077029261834852036e+00
5.102932500039050190e+00
5.136870501833834979e+00
5.195119974855283651e+00
5.198999111055297995e+00
5.205382198919692449e+00
5.218463451219029103e+00
5.221458769976448977e+00
5.254192823724176620e+00
5.277115127795541483e+00
5.277549247993268189e+00
5.329014364435071371e+00
5.366574794349053157e+00
5.485064583900288504e+00
5.527187344220472198e+00
5.620951462387842490e+00
5.712487165272789547e+00
5.714986920829152162e+00
5.718765499865847701e+00
5.733050101726196779e+00
5.740031503387718281e+00
5.751775071021731023e+00
5.801194733200341958e+00
5.817101343568422678e+00
5.855703242889211957e+00
5.903907451273353146e+00
5.928236755173908357e+00
5.929600397503427267e+00
6.010517438523737432e+00
6.029484851133043222e+00
6.108563465538928483e+00
6.119539436106342656e+00
6.129378693368748188e+00
6.137053147976313738e+00
6.177540097891546900e+00
6.195277142024449013e+00
6.239160005572916390e+00
6.247634540995011143e+00
6.256603169213118321e+00
6.315977950992782475e+00
6.347786058438039447e+00
6.371153377058797140e+00
6.402114858582779178e+00
6.416300139319629281e+00
6.452798218592661783e+00
6.559256971241189227e+00
6.575137504708696845e+00
6.771858190074951267e+00
6.796405267587861232e+00
6.815901138657142866e+00
6.829737103189526870e+00
6.853984423844267759e+00
6.879231670505999041e+00
6.882504940165332208e+00
6.883568915692994672e+00
6.952984518941730308e+00
6.956433177310767491e+00
6.982242659142659846e+00
7.035089711392794598e+00
7.079414152760272749e+00
7.088933544460557457e+00
7.095844027153078493e+00
7.140861766552358603e+00
7.149945486237614389e+00
7.219189274611815144e+00
7.261835932513753811e+00
7.331100152892275013e+00
7.346316033152652913e+00
7.348667520604642789e+00
7.362930271717083031e+00
7.371378394203483175e+00
7.376959161314481150e+00
7.377136770914725084e+00
7.404118333399383189e+00
7.418968776980716662e+00
7.421544431860423785e+00
7.444668155657311992e+00
7.508428354902285662e+00
7.521200531711214055e+00
7.544856045887716967e+00
7.562695083256263828e+00
7.582056943162966078e+00
7.619422969319826322e+00
7.673226040384329316e+00
7.768370745291459656e+00
7.769999743547486126e+00
7.776374511121875166e+00
7.802647655426288686e+00
7.828155928453058188e+00
7.840588885226151383e+00
7.863354630409703283e+00
7.951139266461528798e+00
7.967130456774625280e+00
7.995895047554957280e+00
8.006932396563067655e+00
8.031605248231906913e+00
8.033297288055026186e+00
8.061842440408218735e+00
8.088446025585870558e+00
8.127206486199170854e+00
8.160536918799090600e+00
8.297096034763555394e+00
8.305779451198487706e+00
8.325993725873448881e+00
8.358238741401006422e+00
8.369057338967976989e+00
8.415283916302936262e+00
8.463002622211964976e+00
8.473196050233845256e+00
8.547135453285779505e+00
8.566570467552057977e+00
8.601101655355908093e+00
8.611043236555138591e+00
8.679288388894878636e+00
8.693424363761952378e+00
8.704205492465289851e+00
8.750380428403856214e+00
8.759946176628545800e+00
8.799702000299891580e+00
8.803214192452678333e+00
8.870639683309510914e+00
8.890749629527693543e+00
9.009221592822663993e+00
9.054459289816559675e+00
9.055452473106504030e+00
9.086743774670056339e+00
9.090798899551630896e+00
9.113406024356903501e+00
9.118046571517806953e+00
9.118818533260597547e+00
9.181308179369919387e+00
9.199807879642836639e+00
9.259836425718825481e+00
9.310579488424110650e+00
9.328374108460211644e+00
9.337107445330609323e+00
9.396425423418886425e+00
9.403894085224893118e+00
9.417885438026326383e+00
9.433038596953220889e+00
9.447697168434848081e+00
9.466752447999223108e+00
9.482336050570474129e+00
9.487838697323121906e+00
9.543294059107179095e+00
9.570779778929205506e+00
9.708088827456395009e+00
9.795804972644733155e+00
9.827693739607957113e+00
9.830388778384145709e+00
9.936659455364093674e+00
