-1.992994350194487452e-01
-1.854754240449008329e-01
-1.252253416744157910e-01
-1.121748437472664395e-01
-8.428016803606210028e-02
-8.190375663201743262e-02
-5.567172750012300275e-02
-3.134597190703103387e-02
-1.793590459931684866e-02
1.642854274634314438e-03
3.471810278629622326e-02
9.005395023233164764e-02
1.154225335119227203e-01
1.203983880308719945e-01
1.602979335024961594e-01
1.954057662235543780e-01
3.026475075238310164e-01
3.138017009296814597e-01
3.416455579212746563e-01
3.459137149574821879e-01
3.959937694953220011e-01
4.089361281161265071e-01
4.236615184150704372e-01
4.508999122811994664e-01
4.610254911985756654e-01
4.651631661617735003e-01
4.698012986674603986e-01
5.292547707204044993e-01
5.775152162588270688e-01
6.090378883234683904e-01
6.359303680331731545e-01
6.617533262842412167e-01
6.991013606117280066e-01
7.318923903018292876e-01
7.514797128678383231e-01
8.176600750390394801e-01
8.280127197125179972e-01
9.251516941467290422e-01
9.259737649746893062e-01
9.307313247696571423e-01
9.382547152843621063e-01
9.509700363704016723e-01
1.114693228879809483e+00
1.128824167500896536e+00
1.154162636781831175e+00
1.159868877731981662e+00
1.167966046528163604e+00
1.221400066701231024e+00
1.248007903423890452e+00
1.267099952581676181e+00
1.313801159884133929e+00
1.330141658120964632e+00
1.341582337527276181e+00
1.353618712316136508e+00
1.355781121970836001e+00
1.371793463561929993e+00
1.374252210104236704e+00
1.422760968219605404e+00
1.467184232780307518e+00
1.475276510522392837e+00
1.489787375924368051e+00
1.495672793185435223e+00
1.505476923814543344e+00
1.514984648509468679e+00
1.562071391148315502e+00
1.605254197274007089e+00
1.723056809413105350e+00
1.784379382357566879e+00
1.857603533284297503e+00
1.871597478466019426e+00
1.930375370369898702e+00
1.936615392747028652e+00
1.987145479180013607e+00
2.000467642711653671e+00
2.027260100439616686e+00
2.076041440508777480e+00
2.092560651282784345e+00
2.098091246004569754e+00
2.150499302334217600e+00
2.193672230810421730e+00
2.268767599801455592e+00
2.281113616953015288e+00
2.332534462875698544e+00
2.365471589335289782e+00
2.366229433834677653e+00
2.369879467915647187e+00
2.379792667152820673e+00
2.382652346997996329e+00
2.394614892807584550e+00
2.401490370861253165e+00
2.427502489092017157e+00
2.483464537786379545e+00
2.508624523537619222e+00
2.576499689016182426e+00
2.599645426593405695e+00
2.629395389059595356e+00
2.631912584264633370e+00
2.649011817995576390e+00
2.660876787571172741e+00
2.679128623968785483e+00
2.680401692607685238e+00
2.693497235343044860e+00
2.694199440375195653e+00
2.698580370531628247e+00
2.703338897199262014e+00
2.704227049086377122e+00
2.775954887392622084e+00
2.794581365896934955e+00
2.912680692338212918e+00
2.916395121540590996e+00
2.918459255663920615e+00
3.067214559620736303e+00
3.082284362598498362e+00
3.122543365966030215e+00
3.137851509305873421e+00
3.168869386519738818e+00
3.206031405738893003e+00
3.233047489848823286e+00
3.235147262005607871e+00
3.281804402888344629e+00
3.305604507421106231e+00
3.330415255309638667e+00
3.365487970077410740e+00
3.369479355469216841e+00
3.373756458163684524e+00
3.397383238273285588e+00
3.420636623605929127e+00
3.447424641372229370e+00
3.452410578989893786e+00
3.455139497649345692e+00
3.481665954680336572e+00
3.530747492662402731e+00
3.532620122891170222e+00
3.567980204817547740e+00
3.580483513007896690e+00
3.621258955990091621e+00
3.622790669497949700e+00
3.684514808279927056e+00
3.687164885406659653e+00
3.690337978890293691e+00
3.715155732457457560e+00
3.718102483775333589e+00
3.828703571437179320e+00
3.831479290927044978e+00
3.835688086714145406e+00
3.886593235690980919e+00
3.896621263601320884e+00
3.901927399169982991e+00
3.906196943868681437e+00
3.906385793724473920e+00
3.910568893522911260e+00
3.918069381959389474e+00
3.926146901386360355e+00
3.954193900716677312e+00
3.991782304222348365e+00
3.998275735057966074e+00
4.006121560549357419e+00
4.006466761947678812e+00
4.010178902408352286e+00
4.018188771918435265e+00
4.067210590369427337e+00
4.067747801879814773e+00
4.131869019881321492e+00
4.156500374013861965e+00
4.161650516593467408e+00
4.168678501991401220e+00
4.173504174790957144e+00
4.179606560885739341e+00
4.211545544692726573e+00
4.216884849349217035e+00
4.222556694785303044e+00
4.264627869336122146e+00
4.302601815855481959e+00
4.455459607922170662e+00
4.457860017882063097e+00
4.458396131697742959e+00
4.470643397910360584e+00
4.484346010085093148e+00
4.567450718216059968e+00
4.619546007207080862e+00
4.668237816296582743e+00
4.688969410461457876e+00
4.691077056264215450e+00
4.714907358236915869e+00
4.817359526411713055e+00
4.822437067997895177e+00
4.860312481999348400e+00
4.945203209105529574e+00
4.979673882951058062e+00
5.013189018309929246e+00
5.038068000681477088e+00
5.041248138211680718e+00
5.147630443545048173e+00
5.177425080697201309e+00
5.184269378920457250e+00
5.278999089913623877e+00
5.284343973866787003e+00
5.301375204613482772e+00
5.378519891364918593e+00
5.386110360723381341e+00
5.402202249838802928e+00
5.405269594804503086e+00
5.406710218073496499e+00
5.414434773151802993e+00
5.423940885353300878e+00
5.461688417472074342e+00
5.477678373316009264e+00
5.492039547335357597e+00
5.519710769539774908e+00
5.568714066210525893e+00
5.645573409115405283e+00
5.653362194549893971e+00
5.716150219832472068e+00
5.737886936137938321e+00
5.751999879059625620e+00
5.765791647756508986e+00
5.773800293483547286e+00
5.810819055930327437e+00
5.910919769307190208e+00
5.930536482372369633e+00
5.944888985319399133e+00
5.950960018927464290e+00
5.994992360609574078e+00
6.000357493428745137e+00
6.034580143871270508e+00
6.038253808988147675e+00
6.042222482334576483e+00
6.095202883885853851e+00
6.098246375658454177e+00
6.140387087574978864e+00
6.152940861248809234e+00
6.155567477279324962e+00
6.164002259733711853e+00
6.172056568679320954e+00
6.179979103923760597e+00
6.246990655988253316e+00
6.260166770920892354e+00
6.274210254237551077e+00
6.409928814781216566e+00
6.429946941240731739e+00
6.458881114483129515e+00
6.488606864870400948e+00
6.493764202382774187e+00
6.535080638065988268e+00
6.552891187456625133e+00
6.589630992914540464e+00
6.639021865390239086e+00
6.643023951147872808e+00
6.652832707774037679e+00
6.691311614741350944e+00
6.773906477533866877e+00
6.773948589720616198e+00
6.841349276504918642e+00
6.865512723212722435e+00
6.883524987789174432e+00
6.900956463466205726e+00
6.914336015503113053e+00
6.933037108525414993e+00
6.940255879363299130e+00
6.956035091456088892e+00
6.979027405599647516e+00
6.982526051508692433e+00
7.002170970610394285e+00
7.006922103045456041e+00
7.015549016007219585e+00
7.069133172149490996e+00
7.094808347136483562e+00
7.114138118198940930e+00
7.118963190382949335e+00
7.144138478285904981e+00
7.149060552086238474e+00
7.218228178149539431e+00
7.305316944672109791e+00
7.311132537729947423e+00
7.338170020307033248e+00
7.366834416024657273e+00
7.385244811413777200e+00
7.400968210406500880e+00
7.423942061755384181e+00
7.452470532147311921e+00
7.462278621972823878e+00
7.466739716094060064e+00
7.525856681511791990e+00
7.527407628478346879e+00
7.542626609670535665e+00
7.557774035407612168e+00
7.577740209736123056e+00
7.587601012988659299e+00
7.600883414843955244e+00
7.625804061314101823e+00
7.673266162651078304e+00
7.731629655297700410e+00
7.747004710841132180e+00
7.831165834586882646e+00
7.866235076323968123e+00
7.893636917949787168e+00
7.974284576166456695e+00
7.982009803085683863e+00
8.117475612705863597e+00
8.132398152108072154e+00
8.147257856262047682e+00
8.199596782400092820e+00
8.255557362909502928e+00
8.273893105716839003e+00
8.292498464652396706e+00
8.351601935776688634e+00
8.356514393163980259e+00
8.357312101948929595e+00
8.367445940180171959e+00
8.397271670226041707e+00
8.426514230802055749e+00
8.516764047048152264e+00
8.563935805849101968e+00
8.596458504734673767e+00
8.597180967501158122e+00
8.728333627357471869e+00
8.734150762902352483e+00
8.775783948750778052e+00
8.854209543827245454e+00
8.926562263761729454e+00
9.022797185218854210e+00
9.032289017850386514e+00
9.090600629366196728e+00
9.091720617866560161e+00
9.171626946597973173e+00
9.197801554450743211e+00
9.237475342510229837e+00
9.246102653576331321e+00
9.278697672710809030e+00
9.363592270246522631e+00
9.479630172506015029e+00
9.545137901708780959e+00
9.572003025246972996e+00
9.620109921805202191e+00
9.627596574728132239e+00
9.643545474491292069e+00
9.651265049736212021e+00
9.674808072421004823e+00
9.733693397893672383e+00
9.798953554961247647e+00
9.864046587824356394e+00
9.873398485406109870e+00
9.911561613185664754e+00
9.913230086598497692e+00
9.917840613962495055e+00
