-1.972822626206696128e-01
-1.860923304741506079e-01
-1.776829644132205677e-01
-1.403113830229647530e-01
-9.864040607234260405e-02
-6.146187340023184786e-02
8.768591444188472694e-02
8.879769312628960076e-02
9.973177329530985569e-02
1.995332884594944733e-01
2.161544923563568643e-01
2.354533148992712932e-01
3.242182511027036917e-01
3.289610322704748513e-01
3.398380865724511257e-01
3.461485904002835068e-01
3.528476313757647476e-01
3.971299887935825779e-01
4.405976220250851783e-01
4.497123136532032439e-01
4.767978847548197119e-01
5.618345121136367748e-01
6.373733749922687597e-01
6.594321223656740560e-01
6.670812351396335771e-01
7.568131550620977865e-01
7.601708851213302420e-01
7.855434826622909039e-01
7.961646947264136021e-01
7.996503316642582515e-01
8.876924741389484730e-01
9.182731651465037004e-01
9.235622655499293732e-01
9.661995037528372521e-01
1.037308602242947186e+00
1.130792472423671091e+00
1.155166964777606387e+00
1.159417635202214303e+00
1.187466381577314323e+00
1.195497574495553383e+00
1.207814720711532841e+00
1.251920690526971969e+00
1.295285676759803994e+00
1.306875861187031251e+00
1.317206975567237537e+00
1.411984261653516981e+00
1.416622329040765127e+00
1.452888313197898018e+00
1.555882040182122061e+00
1.556045752235066360e+00
1.561296410585504946e+00
1.629756177861993338e+00
1.650538046400268355e+00
1.656099440058095951e+00
1.705156221655710125e+00
1.755547110891281459e+00
1.805298327196687813e+00
1.812467399874120089e+00
1.815586913463880903e+00
1.820664340407710968e+00
1.831281136823865063e+00
1.846719660108397276e+00
1.924782251601211636e+00
1.927103019193960654e+00
1.942638563406408503e+00
1.996454159969638598e+00
2.000596055335674528e+00
2.017020271104981166e+00
2.032711793696563518e+00
2.070498068246484191e+00
2.112197513887070333e+00
2.113304692739226276e+00
2.115293678614175832e+00
2.161914971915381845e+00
2.181047599331476405e+00
2.232774503134611788e+00
2.268156978411802971e+00
2.303735022559504575e+00
2.305373405031972300e+00
2.306710699747575699e+00
2.317242818594529741e+00
2.323584220774845388e+00
2.428165887802555378e+00
2.428780848067171316e+00
2.512234041799715989e+00
2.540144366915932927e+00
2.654498677431279319e+00
2.682525779175661373e+00
2.717897069451838732e+00
2.857695749624252102e+00
2.939228349052544154e+00
3.013769433610592241e+00
3.048445733830455584e+00
3.062727846744283333e+00
3.080578252147944340e+00
3.087819628974731057e+00
3.103379860632615284e+00
3.110762294638059977e+00
3.147877733158526148e+00
3.154341708083077123e+00
3.168559595778968951e+00
3.192491063009960772e+00
3.275301009929525886e+00
3.326157204050528726e+00
3.337551611680079855e+00
3.362230249703038076e+00
3.373508326091579690e+00
3.389762653089239741e+00
3.399565225643263577e+00
3.427706293491450396e+00
3.451812411891676202e+00
3.501405968540371116e+00
3.598438399424467082e+00
3.610546936341159974e+00
3.616007461775890164e+00
3.637344133160503645e+00
3.718266893154256181e+00
3.739581345630149656e+00
3.746882802333513229e+00
3.818239105704738456e+00
3.856058390171350325e+00
3.862347710169752979e+00
3.905568294567165033e+00
3.909734676038289614e+00
3.932059339587467228e+00
3.941236213785400899e+00
3.978329720906785383e+00
3.996245221014499194e+00
4.020808104487715973e+00
4.027507136473365890e+00
4.040159211187309474e+00
4.056820377302521763e+00
4.070434624844485150e+00
4.094951224621741659e+00
4.103889101558686470e+00
4.123243730554254860e+00
4.224896652514040341e+00
4.264078089383030346e+00
4.285026851506009926e+00
4.293412008386003009e+00
4.386997150804688772e+00
4.405878414189782433e+00
4.421326349359981478e+00
4.503325760674329103e+00
4.512394510327935926e+00
4.562140627626527056e+00
4.597895285679883592e+00
4.615462742812766805e+00
4.636355803366618566e+00
4.652505453431274418e+00
4.698487933886310586e+00
4.703280408829100701e+00
4.738538046272567250e+00
4.739379400571989365e+00
4.770411426076196726e+00
4.815227739322549994e+00
4.864395688108406723e+00
4.899439313121961348e+00
4.923514662211191606e+00
4.957203423170046364e+00
4.959479261990610510e+00
4.965315142023202455e+00
5.011439419599515332e+00
5.019399711730504698e+00
5.052336889736590564e+00
5.122032955497481943e+00
5.170101955942278948e+00
5.174986595788706900e+00
5.211499394131823948e+00
5.279363674646922355e+00
5.358492808077441438e+00
5.430480358518670059e+00
5.445554570591477628e+00
5.453733310988660321e+00
5.464320452847052145e+00
5.513212391053946781e+00
5.544740052662421981e+00
5.575685685511326817e+00
5.589835283372075914e+00
5.752999726485180432e+00
5.759470854533190298e+00
5.759949462400894227e+00
5.763408582731742058e+00
5.783851183962225306e+00
5.795997570621810979e+00
5.799733220222938357e+00
5.827085844985242957e+00
5.851222926355711174e+00
5.934202401735654497e+00
5.951106144533487630e+00
5.951691384158190878e+00
6.013694856955379642e+00
6.029927205749271657e+00
6.061183013302790634e+00
6.064163024961859882e+00
6.076904008849962402e+00
6.110443605240461373e+00
6.124573117935328881e+00
6.182386322356035357e+00
6.203908373370381035e+00
6.217665495205758397e+00
6.242217652815340578e+00
6.247727788245951430e+00
6.250728885124886780e+00
6.257450423895473790e+00
6.268954286782880914e+00
6.287028069391934260e+00
6.288918673871279452e+00
6.332007203627233238e+00
6.359813477467576526e+00
6.409237581759110292e+00
6.465574778751342677e+00
6.482259570428420048e+00
6.494079698094020969e+00
6.524562585374291679e+00
6.542980425463800209e+00
6.548953960596286095e+00
6.550207294961779780e+00
6.583205464058950795e+00
6.590745373524515394e+00
6.706696790414480525e+00
6.727901072638982960e+00
6.746222222748274433e+00
6.788362154638156731e+00
6.826313911285375902e+00
6.849176657034846016e+00
6.854565709399031981e+00
6.940085742462969165e+00
7.012549098857641994e+00
7.014277724055423491e+00
7.077519835081610644e+00
7.154860062507352403e+00
7.188676616010496900e+00
7.214699692618832039e+00
7.214783284471018021e+00
7.221111815921990029e+00
7.291461381026732802e+00
7.291559840694637806e+00
7.303857217177234240e+00
7.352313610466239879e+00
7.370127277038840852e+00
7.386602949413337171e+00
7.386625673750335075e+00
7.390408572823510269e+00
7.455889417580928935e+00
7.503644178441042811e+00
7.543348414709547534e+00
7.613643107568183410e+00
7.631019170208818814e+00
7.669003734136370376e+00
7.705157274566657222e+00
7.821018560617372550e+00
7.836801934947653869e+00
7.862493533626140341e+00
7.905259909545837793e+00
7.926253922206890401e+00
7.965075499224613331e+00
7.999763019255559549e+00
8.008117521448086862e+00
8.106666036884110582e+00
8.143999803892974398e+00
8.144901461893839567e+00
8.212388808765958004e+00
8.224690282316680978e+00
8.310051423431163542e+00
8.356169450071424976e+00
8.375164005135003364e+00
8.396084298477822117e+00
8.396505004830517649e+00
8.415219351784379853e+00
8.418129062143014707e+00
8.435452785718061008e+00
8.450985099467226647e+00
8.523982560253271501e+00
8.563936798659824490e+00
8.576230369536300913e+00
8.681741241750160043e+00
8.721088308036916814e+00
8.734973805975858596e+00
8.735604210893797017e+00
8.744572798794056467e+00
8.750117494147577446e+00
8.758454136599898021e+00
8.763625184736381968e+00
8.850820526776944419e+00
8.851039319218353185e+00
8.868064155136320181e+00
8.888615844255289389e+00
8.913269181577083700e+00
8.969447549873299508e+00
8.991209731342554079e+00
9.023714341958045893e+00
9.078112554050205674e+00
9.112914546366177149e+00
9.153583192438635052e+00
9.167096362991223657e+00
9.177504516160707837e+00
9.203536956308971284e+00
9.225942157395277121e+00
9.229132068205361250e+00
9.324219133404822557e+00
9.354889930466141479e+00
9.412567583507021496e+00
9.437670045400381014e+00
9.477829484499881829e+00
9.479842242449592504e+00
9.561808904323978453e+00
9.567146058667196584e+00
9.574254804766187732e+00
9.631961940386823073e+00
9.653544622451411428e+00
9.693910212736218668e+00
9.717682723034664960e+00
9.745756404942591544e+00
9.814790833148704152e+00
9.822155574797635680e+00
9.849157588282931641e+00
9.935049154561689022e+00
9.952679149695478955e+00
9.955009157480185777e+00
9.962413267322556720e+00
9.967950591298187391e+00
