-1.762766517186378501e-01
-1.411449070885091583e-01
-2.311791087952458357e-02
1.159407212834035472e-01
1.585265974309622017e-01
1.599750325960797581e-01
2.298087184960021512e-01
3.377879541687723308e-01
3.385872363478057978e-01
3.723482856039404543e-01
4.787141951019867059e-01
5.793336558230244293e-01
5.897795550302298295e-01
6.407213733018364277e-01
6.496744697251553013e-01
6.556118934586128155e-01
6.785306225702889549e-01
6.806202646074113183e-01
7.352003190785243447e-01
7.792228120305857431e-01
7.831440678318621895e-01
8.328614787423302968e-01
8.483615771908903369e-01
8.812029895795159273e-01
9.166776355218140271e-01
9.278016120038981018e-01
9.763676673688330698e-01
9.820129452668904246e-01
1.054130108271788657e+00
1.069502487294471837e+00
1.115419205022158522e+00
1.117162304940298556e+00
1.117429293560940007e+00
1.118308492810695887e+00
1.213006712344841143e+00
1.239989001036203575e+00
1.241506836675989156e+00
1.245682146556028602e+00
1.298619665781133747e+00
1.329296574548272325e+00
1.361901285157533836e+00
1.408111933013519668e+00
1.412643730220937144e+00
1.484936783909203140e+00
1.496464584913988816e+00
1.569466200456372196e+00
1.582999203986062531e+00
1.626041301696073083e+00
1.684414149272301930e+00
1.802330237615589636e+00
1.833039160285246050e+00
1.836028227355929188e+00
1.849942904678225419e+00
1.939668880534636264e+00
1.953317114133721555e+00
1.974362674442156296e+00
2.043357783417321993e+00
2.067871627343573326e+00
2.303428226833378112e+00
2.339399944911305873e+00
2.347966785389032918e+00
2.398942470686865391e+00
2.423654592159286025e+00
2.425125747622378647e+00
2.445275538859455811e+00
2.456004969135306304e+00
2.481708313180101655e+00
2.492332500955553698e+00
2.509992288152032458e+00
2.575955023275179556e+00
2.627916317424597636e+00
2.695972650919022495e+00
2.809209440663359647e+00
2.821294256792179045e+00
2.841600505429192847e+00
2.845880182110695156e+00
2.855810291981067284e+00
2.903006071272909772e+00
2.919971395825373239e+00
2.975144019947965734e+00
3.001721026547797155e+00
3.016536305317463196e+00
3.017014416536233146e+00
3.032607787341159877e+00
3.070633718679555368e+00
3.073883584050514539e+00
3.103903083423578568e+00
3.133337701116524432e+00
3.141514875148884389e+00
3.206823575794964132e+00
3.212442993443131112e+00
3.319306781845364984e+00
3.370024060970553847e+00
3.399445530898316914e+00
3.441752946061677587e+00
3.447914195678047022e+00
3.454733429436568137e+00
3.508010852087742215e+00
3.539152205638944171e+00
3.540697718032531416e+00
3.554951989708021287e+00
3.565419541074966947e+00
3.585266099709135013e+00
3.594016407003051583e+00
3.613231359079666749e+00
3.618056934711472827e+00
3.735213547238759535e+00
3.773439616298328136e+00
3.826051440263776193e+00
3.848263021364302539e+00
3.852291940996063424e+00
3.853635229744678981e+00
3.880429849963639377e+00
3.890051124150337714e+00
3.956829277891958263e+00
4.014507999992115828e+00
4.041687806227074908e+00
4.068312902348380611e+00
4.111654345144705403e+00
4.152111112887347133e+00
4.190342254407086742e+00
4.266546260222344067e+00
4.280256164314907075e+00
4.285785268510835522e+00
4.313492656840213435e+00
4.338769768601449250e+00
4.361003216813619687e+00
4.400677314176952848e+00
4.461980425607002587e+00
4.465242330621951972e+00
4.465816652173312917e+00
4.560475045664171390e+00
4.635901701774848505e+00
4.662705075238967822e+00
4.678850901814344709e+00
4.830650183212152449e+00
4.836083600036432451e+00
4.871203086413259165e+00
4.878380279344746384e+00
4.924562704945481428e+00
4.937758644165562316e+00
4.946095067616746555e+00
4.957717332111458042e+00
5.007815133804162322e+00
5.020883300718188558e+00
5.024619064130669166e+00
5.060530173924427721e+00
5.182916875302880477e+00
5.207323331012342571e+00
5.225286798234667351e+00
5.250990257353336688e+00
5.298154294988296265e+00
5.299300222150376882e+00
5.308448053403252764e+00
5.313028803132415767e+00
5.324514549370400474e+00
5.404690541312060503e+00
5.440422047432712738e+00
5.444943834597828491e+00
5.460739013683689969e+00
5.501357147826765548e+00
5.557922269377995939e+00
5.565734416337533297e+00
5.570994316950748093e+00
5.603347983323482495e+00
5.806092270288952584e+00
5.836787522885875212e+00
5.877363200348151295e+00
5.880017049848325961e+00
5.884848738944156388e+00
5.913981920516576452e+00
5.921147567186615390e+00
5.930041161739483258e+00
5.932044902771106187e+00
5.935043673191848335e+00
5.957515520413519283e+00
5.968741363495290386e+00
5.974229787995461116e+00
6.000460155499284021e+00
6.011062281259151874e+00
6.088447895345752592e+00
6.099375946654667757e+00
6.128130827261978553e+00
6.141321775515549142e+00
6.212035125820814407e+00
6.220929070993195253e+00
6.242305174796611844e+00
6.256234038074065751e+00
6.264830294086907614e+00
6.354724581947504447e+00
6.356165885412540462e+00
6.358206455045348093e+00
6.428402824237073432e+00
6.435626039596876069e+00
6.443531979812638255e+00
6.446681951182180015e+00
6.461303716229040539e+00
6.495339887526475842e+00
6.563129277799028216e+00
6.647346877665249565e+00
6.706121959625317430e+00
6.717337626081827828e+00
6.730132223925616941e+00
6.755319954144362704e+00
6.762956175727400598e+00
6.768879055549364310e+00
6.793388373963460403e+00
6.839981912736865510e+00
6.878771357830213873e+00
6.981257728064391266e+00
6.986163231231405035e+00
6.989743248947471344e+00
6.990335443334182663e+00
7.063293577993358774e+00
7.076345280989456477e+00
7.150627466608290739e+00
7.168270821695960748e+00
7.179056448566069726e+00
7.180780553168555791e+00
7.255513335205755254e+00
7.324585319959822982e+00
7.358229924305024205e+00
7.377577749048709777e+00
7.393610403762096439e+00
7.405029900854076530e+00
7.422006912962815228e+00
7.457407483260962699e+00
7.457786149564882727e+00
7.483854752559815360e+00
7.501486023444746465e+00
7.519801714936122927e+00
7.650969387717029058e+00
7.676871700304059409e+00
7.698478208114347687e+00
7.738338155367930682e+00
7.753471023675057694e+00
7.795478406607045052e+00
7.829171502482139111e+00
7.841982274116646501e+00
7.848849541945146946e+00
7.862032636282001441e+00
7.992002553393278141e+00
8.004198466873617690e+00
8.021351662629570001e+00
8.085591913378419093e+00
8.169395457455195242e+00
8.175636322114003818e+00
8.202581938513764825e+00
8.251842664217134526e+00
8.271664550414067563e+00
8.456613329742941332e+00
8.484102924044638172e+00
8.504593592466417107e+00
8.521813049235476001e+00
8.565986238475954195e+00
8.576799596660812597e+00
8.585157518280370326e+00
8.619986482291107421e+00
8.624481206869315741e+00
8.637046104736578300e+00
8.648287710695244712e+00
8.655412665050777221e+00
8.670240032624045412e+00
8.702595132727473981e+00
8.718468804477886636e+00
8.733525717469406757e+00
8.750319411789973856e+00
8.750467258919185198e+00
8.801730729790264718e+00
8.832353911903597421e+00
8.835041648951213134e+00
8.868337858659407047e+00
8.904541586006958553e+00
8.931950921360259699e+00
8.948679398659503903e+00
9.006886216649007793e+00
9.045673514387873482e+00
9.048408909336185246e+00
9.073447220182822903e+00
9.122041287316385194e+00
9.141399079441768549e+00
9.161470818427071450e+00
9.229577536243033009e+00
9.261150978874519879e+00
9.270629388552254824e+00
9.295842261637400128e+00
9.310523932901123345e+00
9.312265983477521658e+00
9.386114873209411513e+00
9.420905183633458080e+00
9.462923277074040129e+00
9.466947210980171334e+00
9.526250004131199489e+00
9.631850708275313977e+00
9.662255698567561168e+00
9.755916291160680487e+00
9.791442103843584377e+00
9.910037172203050915e+00
9.912122399469629030e+00
9.917929868503525981e+00
9.980685909836193304e+00
9.988546519400113510e+00
