-1.760173266443237627e-01
-1.445548294492762786e-01
-1.370157680661578670e-01
-1.231994270509478157e-01
-8.673199866655116608e-02
-5.557236548641009133e-02
-2.892834590467358025e-02
-2.441919700842615226e-02
-2.401969155584632309e-02
-2.401261617529920622e-02
-1.936359884344204807e-02
3.248590095341877260e-02
3.450561621145142865e-02
6.975240318021447283e-02
1.337754359563359530e-01
1.825130707081025760e-01
2.668404362548369990e-01
3.525741725097880086e-01
3.924326136118784780e-01
4.122603085629324426e-01
4.154542469269512650e-01
4.657038406467765568e-01
4.977851105939160026e-01
6.328581148989655958e-01
6.413631676242976809e-01
6.600928510594805676e-01
6.898213124715055766e-01
6.966718980916593029e-01
7.326032350736719767e-01
8.974189611255030119e-01
9.597035220504164243e-01
9.720756277720745686e-01
9.733205566195748393e-01
9.737367885121701594e-01
1.019210862333623790e+00
1.022132394192080573e+00
1.030169729652673949e+00
1.039931693093264498e+00
1.043238339195623032e+00
1.047688918867623720e+00
1.052750125968663797e+00
1.097569151281437172e+00
1.141833439854977428e+00
1.142387383895289155e+00
1.232123955880713773e+00
1.239595642462242076e+00
1.303576219068869335e+00
1.311224594252718756e+00
1.330145902170718930e+00
1.379897863749619757e+00
1.391500224390384677e+00
1.395824418419228330e+00
1.443479658903007889e+00
1.514222425573507946e+00
1.678605955642638703e+00
1.710942986521572395e+00
1.746918982806880960e+00
1.766302305656260563e+00
1.793673782727576160e+00
1.804975476113200861e+00
1.838499262785326716e+00
1.848631409242757373e+00
1.889899051865220114e+00
2.022467933190913669e+00
2.023627031503924201e+00
2.034644523834820529e+00
2.042473705288158747e+00
2.046756908087608018e+00
2.138081901480043179e+00
2.138363939680792303e+00
2.213095498149672657e+00
2.218867358418566749e+00
2.248516780399029358e+00
2.250316594780826129e+00
2.252636219663033401e+00
2.259709943942380672e+00
2.274545009557306763e+00
2.279657560938886718e+00
2.284192948292834480e+00
2.364771271817536213e+00
2.448273786248200246e+00
2.448376241077710791e+00
2.450930389134547305e+00
2.459243912458771941e+00
2.486436444552259317e+00
2.516287998750721400e+00
2.522766123810260108e+00
2.612750802231499581e+00
2.666232217334700394e+00
2.780689347427339086e+00
2.785039293545175987e+00
2.805900849133435848e+00
2.820703561259045422e+00
2.892968088194748599e+00
2.896497242776001180e+00
2.961180975313194796e+00
2.967108970614891206e+00
2.974628339723783377e+00
2.978902574816112647e+00
2.979010103756876582e+00
2.983674310582844935e+00
3.000550309086874368e+00
3.047827769894257077e+00
3.072375493958804160e+00
3.095085278253166816e+00
3.113243991098285868e+00
3.114900224824988850e+00
3.133408001774721452e+00
3.144643798340623242e+00
3.236994472416128588e+00
3.238021145804289347e+00
3.277411490945603578e+00
3.302700942608900458e+00
3.373418997261540486e+00
3.397219071082455244e+00
3.400852777516749637e+00
3.446811542896881075e+00
3.528530031636925912e+00
3.546083421952077597e+00
3.553498606838439322e+00
3.577970314325922274e+00
3.605649704978378445e+00
3.669131762661338225e+00
3.683316682292826716e+00
3.704462081722971867e+00
3.726383144950518034e+00
3.742318576240666328e+00
3.743885838827576418e+00
3.750704781716196923e+00
3.769201561521392740e+00
3.809829003237805267e+00
3.831172186413011715e+00
3.887840367383697426e+00
3.913373878273003648e+00
3.952924484640638170e+00
3.953456946794120519e+00
4.079195504197548949e+00
4.090180196831590287e+00
4.100944444101195074e+00
4.110827218257374405e+00
4.159901040891045731e+00
4.227786556564260501e+00
4.234071311127507897e+00
4.244150267954934996e+00
4.246274572219360444e+00
4.263655410566300930e+00
4.378812633723280889e+00
4.383243875083913110e+00
4.405159163423784996e+00
4.414331306804080590e+00
4.418035261756062759e+00
4.426737789815289759e+00
4.429448267792327698e+00
4.437537129304753414e+00
4.449746119705070946e+00
4.460994749302009232e+00
4.513034812343437174e+00
4.554012992292995499e+00
4.588469044489507986e+00
4.611367027799824214e+00
4.619313410143562670e+00
4.636352022614728341e+00
4.669045867942802630e+00
4.688009527303014679e+00
4.718648907739640741e+00
4.736903327371646988e+00
4.814072041168396154e+00
4.816190118379883423e+00
4.876255268898493256e+00
4.941834641806495121e+00
4.963274167079604560e+00
4.999521817729533524e+00
5.062395699319979236e+00
5.069172830379174322e+00
5.083579883353872120e+00
5.120935675020000133e+00
5.131002821855243035e+00
5.165771159126746781e+00
5.167013377975073318e+00
5.189502548589929098e+00
5.289419036933999507e+00
5.290973785554591302e+00
5.295004156317243194e+00
5.299259626424073666e+00
5.335383849987997529e+00
5.338447771381654938e+00
5.384348553293996531e+00
5.396905370815719749e+00
5.402890190783353752e+00
5.461389616700913940e+00
5.501997609690552515e+00
5.512792240267032184e+00
5.530256194613025755e+00
5.535356058646403454e+00
5.551843231945507107e+00
5.597388667023131426e+00
5.625985953652210547e+00
5.681267458793125336e+00
5.744362151982007170e+00
5.752657457503796756e+00
5.757533672210706222e+00
5.778896242427637553e+00
5.836266422250175445e+00
5.845302505638152901e+00
5.859471457709875430e+00
5.863365543255870449e+00
5.965199172146789408e+00
5.998411357826232582e+00
6.030400463751121265e+00
6.123122578328639598e+00
6.147095060533837696e+00
6.153979685078241779e+00
6.164992991003906297e+00
6.173932107777241995e+00
6.195293521355598187e+00
6.196527737709021544e+00
6.255816533327273277e+00
6.324828404987264285e+00
6.447890624170605989e+00
6.453896783803501513e+00
6.491187747172570965e+00
6.543593862952357121e+00
6.545018208432959561e+00
6.573262970836815988e+00
6.582570612346931860e+00
6.588086798500353503e+00
6.595306895863236818e+00
6.642461945901771081e+00
6.705772823895573609e+00
6.711729718454988891e+00
6.719873660184487285e+00
6.721549249966718875e+00
6.731740622040208955e+00
6.744678553424917844e+00
6.749471341471852348e+00
6.775831331177091243e+00
6.801728669851827114e+00
6.820265710301094408e+00
6.851176944164964588e+00
6.880813356689444937e+00
6.884561749679920517e+00
6.918674982357342351e+00
6.950340247704760444e+00
6.966280241595844913e+00
6.975027676137508514e+00
6.979003559808787394e+00
7.042983176205414253e+00
7.143201662953456044e+00
7.152955237202823113e+00
7.158273571378629185e+00
7.167337292182991426e+00
7.184879078002703423e+00
7.230861809287662645e+00
7.233824993362472533e+00
7.270362907503662875e+00
7.278938624747216757e+00
7.281557340927471422e+00
7.327068099702380266e+00
7.420173606206350136e+00
7.491890919372480084e+00
7.532287785134927915e+00
7.578295564706310827e+00
7.589256636871098749e+00
7.606535383451580756e+00
7.632214944464843498e+00
7.657421500577125784e+00
7.727735889661529356e+00
7.779603257423914897e+00
7.808180631177518372e+00
7.853096118662546310e+00
7.856642684991650860e+00
7.922667256908446198e+00
8.014210363538309068e+00
8.041361627845137861e+00
8.053276820433943328e+00
8.091580539988866505e+00
8.112115455744222103e+00
8.144402971998241370e+00
8.185751783281514093e+00
8.188950102635390138e+00
8.201418600541611426e+00
8.203483337192478686e+00
8.209748914494038985e+00
8.242638329694424115e+00
8.292710555755363089e+00
8.305500788731277950e+00
8.335594198964720647e+00
8.346794158836257083e+00
8.347074524970080844e+00
8.352521941227903923e+00
8.354190138968839108e+00
8.369564421667295306e+00
8.390653226109513696e+00
8.439686840006615398e+00
8.449579568646184313e+00
8.515307489296565890e+00
8.536875830765533024e+00
8.543429639192620328e+00
8.550021127285461375e+00
8.629872854645643798e+00
8.702775797226207644e+00
8.744631312079539143e+00
8.808308698181983587e+00
8.995162262392224051e+00
9.001559388249017246e+00
9.035864544139577959e+00
9.069750502808885173e+00
9.109992090180544011e+00
9.119510852332636475e+00
9.139120483045269694e+00
9.168858904951040500e+00
9.211360850633225184e+00
9.261252206925695063e+00
9.263459749755801553e+00
9.372868432109514814e+00
9.424809496803961295e+00
9.468194168472551908e+00
9.529988310792328221e+00
9.539055931759095941e+00
9.564171126349792829e+00
9.654842375386381903e+00
9.682347967382598952e+00
9.693496151326430166e+00
9.697266515283580190e+00
9.736740184992518365e+00
9.740805606830720720e+00
9.757338727372172116e+00
9.784723366663795829e+00
9.806593787372888116e+00
9.853605662881818716e+00
9.868410934978001592e+00
9.870932276536489525e+00
9.898719768242610684e+00
9.942857851974020278e+00
9.949730591663820789e+00
9.951614349037988916e+00
9.961825163731445443e+00
9.988446710998129419e+00
9.990566997789281700e+00
9.998868492695878629e+00
