-1.633292479847515133e-01
-1.407887117685359124e-01
-6.297499681182783249e-02
-3.187833551279742328e-02
-1.978887491547273725e-02
2.232949808147480231e-02
4.636465856612700942e-02
7.040929684985952619e-02
8.180685908814361307e-02
9.639914324248610722e-02
2.838136175326623212e-01
2.872828904081550228e-01
3.138534320563442503e-01
3.231535420733530617e-01
4.027644918129932861e-01
4.135692122610993837e-01
4.288089883589382700e-01
5.016165256886762069e-01
5.244080185648847259e-01
5.879061469970108256e-01
6.024510794464243979e-01
6.115389715177999008e-01
6.132345219907022749e-01
6.266275304991755224e-01
6.508652343123739747e-01
6.532710332532041253e-01
7.238373304711034351e-01
7.623963160102575909e-01
7.721991982247440323e-01
8.099008270774328277e-01
8.394879995540203144e-01
8.642401149016392115e-01
9.441434098951451137e-01
9.767508326297797971e-01
1.047238910172442639e+00
1.097445746487738294e+00
1.134800595696312975e+00
1.157509537752992479e+00
1.224802340045573867e+00
1.226504519887974709e+00
1.267393719912571770e+00
1.341587269356526280e+00
1.356669658986424221e+00
1.399579309547472894e+00
1.448417768221439639e+00
1.460894612095966272e+00
1.467872517333059124e+00
1.514335684670881088e+00
1.522838894002513488e+00
1.544554056815213849e+00
1.576872553924119957e+00
1.656517825023349433e+00
1.681087994063687585e+00
1.778120746999074742e+00
1.789557874277899696e+00
1.793712894777158340e+00
1.803851757310609871e+00
1.820612282790296854e+00
1.843589906421301938e+00
1.876168194361898633e+00
1.965757166532481781e+00
1.997448123531407438e+00
2.078297563903478640e+00
2.085430137810610596e+00
2.095214860898436005e+00
2.135117852897563839e+00
2.177649762339119111e+00
2.202078402750068609e+00
2.210527235066547025e+00
2.230087811582073254e+00
2.271961274935180963e+00
2.272760136166769307e+00
2.276675805117173823e+00
2.302339651096254158e+00
2.327296980949760119e+00
2.368371998754509100e+00
2.384831488061092131e+00
2.389979274876731896e+00
2.455367878734381115e+00
2.488804962438055934e+00
2.489381127318921916e+00
2.525662911526280752e+00
2.553756180130180464e+00
2.562219669990009496e+00
2.562923024209801781e+00
2.570531473965572467e+00
2.576683526064432961e+00
2.605585121459257358e+00
2.618158921363020752e+00
2.742446101729654639e+00
2.743380439206479782e+00
2.747588591998565644e+00
2.773557783119092068e+00
2.795268857464640266e+00
2.864540240773695512e+00
2.883792356485344044e+00
2.894714025717181283e+00
2.895064031320574216e+00
2.913961786111059382e+00
2.916015707528497813e+00
2.918397457239566339e+00
2.919444899151552253e+00
2.943107677007985590e+00
2.962845600048725103e+00
2.978585693966862458e+00
2.983231102069618501e+00
3.032051936131478165e+00
3.036803770828078175e+00
3.042325206800157833e+00
3.171217004423918073e+00
3.197831508688463664e+00
3.284542236024349915e+00
3.416744620231646490e+00
3.446075326998678801e+00
3.448310821313523178e+00
3.457150339333449285e+00
3.461468177701187532e+00
3.481006216788900431e+00
3.523353668387709359e+00
3.542377984417234504e+00
3.543137149564495658e+00
3.569287912780567229e+00
3.578300855240543754e+00
3.582965934439200417e+00
3.631823858865923516e+00
3.681591913428241991e+00
3.750568973442625076e+00
3.785130083667902934e+00
3.794856957894640281e+00
3.801196602615908304e+00
3.833070677909760526e+00
3.923652637528054932e+00
3.933181700365476097e+00
3.943950109775112622e+00
3.953434943060277540e+00
3.981698054562905931e+00
3.997781596113138214e+00
4.049413363155539791e+00
4.094315299128633789e+00
4.099492748760214411e+00
4.153986241959639614e+00
4.193703116917231632e+00
4.202957159224511408e+00
4.221427606051174841e+00
4.249649785865385887e+00
4.260719581350066676e+00
4.337101679553837741e+00
4.418545019931917395e+00
4.457394751725488824e+00
4.482189953150861328e+00
4.489235893196550364e+00
4.531161555478542269e+00
4.542689799206427459e+00
4.565710431437890904e+00
4.578109284758483000e+00
4.662155227121678180e+00
4.664911600118713864e+00
4.681917348672858914e+00
4.717340595388713531e+00
4.766787496764694154e+00
4.848884067402435605e+00
4.863313132634563551e+00
4.876268460453776044e+00
4.901702855823824478e+00
5.012367256928879300e+00
5.164515970027952818e+00
5.169408426741656015e+00
5.173706070362917409e+00
5.192921986006354018e+00
5.206387024542020292e+00
5.218189624566745621e+00
5.239603352617958620e+00
5.294837130947468218e+00
5.314521864419451624e+00
5.351219755110347975e+00
5.355427201037458396e+00
5.468836315864374242e+00
5.551355529345151751e+00
5.558793468776720204e+00
5.587536890985740357e+00
5.594079581358421649e+00
5.594830901868613537e+00
5.702783835207184460e+00
5.715730839737725333e+00
5.773607869112571400e+00
5.835223820567703612e+00
5.864084549394903867e+00
5.888905195400147896e+00
5.984184165300944436e+00
6.035732711998073263e+00
6.041769203309761416e+00
6.126923504836272016e+00
6.229322308704020372e+00
6.259668604087043065e+00
6.266979891062625541e+00
6.280889494428761211e+00
6.336520209571411932e+00
6.347861783257220836e+00
6.398873527800174266e+00
6.411133621203647159e+00
6.449256719818125205e+00
6.486065479020827418e+00
6.506868360315877453e+00
6.597487980850053724e+00
6.609717200393215641e+00
6.639534115295585792e+00
6.655720122181021381e+00
6.674331890653754762e+00
6.767619994045043441e+00
6.779417848836326144e+00
6.835915811728277447e+00
6.861413703737380132e+00
6.866156381786503005e+00
6.891388839033821156e+00
6.891758049182575618e+00
6.955627368548216616e+00
6.959211711399133193e+00
7.035529226347498444e+00
7.090532520372571312e+00
7.126307671862727844e+00
7.163575031357997780e+00
7.194553688073974662e+00
7.222695183171395250e+00
7.231524015894570390e+00
7.259047122851480793e+00
7.268950922620434518e+00
7.277815201412041191e+00
7.289396209773651769e+00
7.304913690991316599e+00
7.311430159882296387e+00
7.352683155361094514e+00
7.558633654577112893e+00
7.564344143326771963e+00
7.591729745415450203e+00
7.592717554279427183e+00
7.630008534571762091e+00
7.632797971523647362e+00
7.635884162384829921e+00
7.714725612122879994e+00
7.768762298567578384e+00
7.774243266870665359e+00
7.805667772106288815e+00
7.842215877000383806e+00
7.889763638070326657e+00
7.900870608665319317e+00
7.936850645473302102e+00
7.940092240441249949e+00
7.979270085772692589e+00
8.018146769344975056e+00
8.043388482558931685e+00
8.127090417246204623e+00
8.178070144201690539e+00
8.215703456859520415e+00
8.252220460505421684e+00
8.295257857374004118e+00
8.311193214002450702e+00
8.402733775859651644e+00
8.418214667909087012e+00
8.441888129980000599e+00
8.457588956175827732e+00
8.494764722931350320e+00
8.533282444874293660e+00
8.558184647204038598e+00
8.577992380718505672e+00
8.597098743879598715e+00
8.610001964409057962e+00
8.625429838132296467e+00
8.664317454968227139e+00
8.721286538336617156e+00
8.754151135147639096e+00
8.770252225609148411e+00
8.849486940262707435e+00
8.880677753018943577e+00
8.888513216886153145e+00
8.938393787460324091e+00
9.034864215343031191e+00
9.054274762061814030e+00
9.079058549564432923e+00
9.136004458393143679e+00
9.155531001849603001e+00
9.192013089103351575e+00
9.219711606224160860e+00
9.276357234033900667e+00
9.319644386856261065e+00
9.348059565464454934e+00
9.372763830816511543e+00
9.393653567178713359e+00
9.432454642278246482e+00
9.493981196212198270e+00
9.498642856281493962e+00
9.548727896266699489e+00
9.689747341800124758e+00
9.805692844182733126e+00
9.854485417714554885e+00
9.904182566343679994e+00
9.939905608138660753e+00
9.973114888903454656e+00
9.980970552499973891e+00
