-8.593754240074921724e-02
-6.306003055568856763e-02
-1.170377246721659992e-02
7.083249880861314240e-03
4.727995177491925438e-02
7.971851632211890415e-02
1.875759422884620831e-01
2.112918083560060278e-01
2.192416864854497272e-01
2.434779476939377130e-01
2.502771198046355727e-01
2.679666703181420306e-01
3.010252373710501916e-01
3.666577413256543738e-01
3.769400449748189774e-01
3.790305640473441984e-01
3.922596646261574116e-01
4.448502514092279037e-01
4.894196050293829203e-01
4.956824977200266491e-01
5.081384481235069472e-01
5.222405528894769056e-01
6.045818563151452718e-01
6.125107958057303126e-01
6.495350076389394545e-01
6.509118198739070049e-01
7.539050836434946223e-01
7.649863915606660569e-01
7.690544707678399483e-01
7.988278707847575877e-01
8.207748184382892553e-01
8.247860882560804630e-01
9.581812232533675200e-01
9.656915732136064356e-01
1.014746406662750289e+00
1.023262431486698709e+00
1.039005337746732538e+00
1.052460479157980577e+00
1.113321743344422909e+00
1.115917731368899490e+00
1.130221899816074016e+00
1.182575943977963284e+00
1.225069316744817005e+00
1.235078216581437127e+00
1.245374241281598238e+00
1.263520403654109225e+00
1.268476955554095564e+00
1.270046444355734883e+00
1.304226830456676423e+00
1.324353637705498743e+00
1.359297823413992967e+00
1.386000464496508267e+00
1.392017726107480424e+00
1.411040657057600178e+00
1.428480858062959991e+00
1.488012110441031988e+00
1.501236958391338749e+00
1.510653108566775371e+00
1.539027349868307804e+00
1.542788470769957732e+00
1.558308690960373388e+00
1.568351825904017671e+00
1.657896761947649233e+00
1.692933183297629540e+00
1.798844036638429733e+00
1.979407615741832105e+00
2.032225202365089078e+00
2.032526575150859660e+00
2.034121943473724325e+00
2.153718061841979559e+00
2.159906640765126618e+00
2.168438805993469831e+00
2.207784626591109411e+00
2.226658387606520240e+00
2.312199849599712920e+00
2.357906049861596465e+00
2.430560241076392902e+00
2.476468225831374159e+00
2.543926907585235764e+00
2.596021171172334885e+00
2.597225437859093322e+00
2.632948627949192932e+00
2.656989403916770964e+00
2.708005613722096694e+00
2.710999481057587701e+00
2.712932088072084191e+00
2.716287090105519386e+00
2.743810895285936802e+00
2.798399398996298970e+00
2.847578489685351766e+00
2.865363179142748074e+00
2.885899014271275931e+00
2.908863752618071175e+00
2.909904490901100704e+00
3.014040085143955494e+00
3.048817136047199838e+00
3.055023690608284603e+00
3.076132478178215113e+00
3.135971799807262705e+00
3.161474579738912993e+00
3.161802393945940093e+00
3.182359434543565069e+00
3.201529571982390632e+00
3.246949977920392527e+00
3.257800658360876955e+00
3.261282080239154002e+00
3.331295430415082137e+00
3.373453180823629438e+00
3.408905647194392152e+00
3.426592138387489328e+00
3.429898568763884104e+00
3.503842425756267254e+00
3.524477953463060587e+00
3.551653119289461369e+00
3.563026003567140165e+00
3.569024646253785793e+00
3.596701129319065160e+00
3.711870171932257101e+00
3.721461334811273947e+00
3.771535513282423757e+00
3.905771011688477401e+00
3.953247814231106716e+00
3.998330145633041788e+00
3.999922610521924327e+00
4.023406595647281314e+00
4.037556567645748551e+00
4.080544535747399948e+00
4.098121662085832284e+00
4.102848718753276280e+00
4.124363446578464654e+00
4.150686380938331865e+00
4.187208077311978194e+00
4.207610918395696231e+00
4.218128497485139405e+00
4.220399245368973595e+00
4.242994790625429502e+00
4.275769348193904307e+00
4.314836559199598298e+00
4.329890194709574480e+00
4.340895394213695191e+00
4.373020379464070295e+00
4.500983919038001879e+00
4.511655682875693074e+00
4.565200494356710159e+00
4.626200882755004073e+00
4.630119358591783474e+00
4.710741434570957509e+00
4.717042815960486024e+00
4.761211817395454737e+00
4.821407443348970645e+00
4.891071047365173285e+00
4.904235623558264479e+00
4.920644135593552626e+00
4.957785155614324424e+00
5.025504042901697943e+00
5.040348595872658599e+00
5.056182670602993312e+00
5.086897180856971623e+00
5.162263544781635183e+00
5.187881648482019159e+00
5.200450630591227252e+00
5.229704271005902960e+00
5.262848057863373619e+00
5.272234011894096462e+00
5.297510896928234736e+00
5.418702039611734023e+00
5.430497247477046763e+00
5.440863229165645798e+00
5.450186987498974567e+00
5.476218256810920337e+00
5.505573963313517893e+00
5.542213731301793622e+00
5.553642433551869040e+00
5.558663458759125930e+00
5.670072221944284507e+00
5.687589707088875457e+00
5.743484560222049673e+00
5.811128116293080126e+00
5.812963967863961301e+00
5.837673449229185074e+00
5.840825745409189196e+00
5.868016536148308759e+00
5.918634997162719458e+00
5.932864309880437226e+00
5.991167051052093129e+00
6.048685821178876765e+00
6.147803543534374526e+00
6.161009283506657219e+00
6.194378479039551522e+00
6.259076554970635975e+00
6.290515449658089508e+00
6.301181031567847590e+00
6.334993245247023452e+00
6.338040415531171590e+00
6.368073757051476491e+00
6.372839344803344908e+00
6.480084259170826755e+00
6.493643047863741913e+00
6.497875805033265451e+00
6.547318321188825507e+00
6.548993626585477124e+00
6.560305820230795781e+00
6.628052045597928377e+00
6.647431574562826739e+00
6.650233209521612565e+00
6.667448888520577377e+00
6.688313828606760936e+00
6.695176791848790110e+00
6.728426781614904151e+00
6.847168193650051471e+00
6.936120225157584862e+00
6.940817676248420831e+00
6.953437532048513781e+00
6.991492786912088420e+00
7.044799389958406266e+00
7.085621977825543816e+00
7.130417847345642102e+00
7.132589018936960734e+00
7.144727429506805727e+00
7.155510718590813113e+00
7.241393680149178280e+00
7.266677736082437278e+00
7.272464592140551964e+00
7.288163159904343047e+00
7.289953659521247076e+00
7.312431795873623130e+00
7.336190546061480688e+00
7.373410544409482625e+00
7.424716307552865935e+00
7.425224976824220668e+00
7.451255192128609650e+00
7.457091870595151661e+00
7.459366925857127129e+00
7.481963156100662538e+00
7.489286871224213549e+00
7.524903090302283992e+00
7.545292508490383021e+00
7.630744976535787316e+00
7.630896616093658658e+00
7.645821307701390346e+00
7.671190242661097614e+00
7.685012710169047523e+00
7.687934973235797997e+00
7.695560433229469588e+00
7.732675202145372850e+00
7.735823309983254958e+00
7.797981545138263471e+00
7.800365862030147035e+00
7.848411172388696677e+00
7.867849932478031327e+00
7.884708221371076853e+00
7.896567584870763490e+00
7.911643234661142721e+00
7.931474386148475553e+00
7.934558959688755131e+00
7.958570184829748762e+00
7.961512301603895558e+00
7.966751753215551624e+00
7.988593870122401519e+00
7.998881836122683886e+00
8.007338059963602817e+00
8.011474928486727265e+00
8.015213485771608859e+00
8.025791661152277712e+00
8.027266041219418113e+00
8.060264275806986234e+00
8.062406428746578868e+00
8.063429036112779613e+00
8.174850572134410243e+00
8.208297668993616014e+00
8.300454928108232266e+00
8.368142248097861113e+00
8.368535985531451615e+00
8.462975469823227570e+00
8.476734739442994382e+00
8.507405770450365168e+00
8.560416530718795158e+00
8.594216294326457728e+00
8.615428596948394357e+00
8.633626733158241251e+00
8.663658925918719333e+00
8.673108302596688191e+00
8.680825664867358071e+00
8.739262471901737328e+00
8.788009855071775789e+00
8.801336042002546378e+00
8.810810228511666509e+00
8.858049965715821372e+00
8.866982825150566683e+00
8.901242131046144479e+00
8.918341489621878893e+00
8.921884872508783815e+00
8.955729533251160390e+00
9.050739409286645554e+00
9.113384384669220850e+00
9.115918157446383674e+00
9.157282358107471154e+00
9.191373767648753912e+00
9.223599980290606126e+00
9.312255311083863063e+00
9.342402190132842676e+00
9.357420790121500076e+00
9.482212244977702653e+00
9.565572895711282442e+00
9.573147903845963924e+00
9.583648238859890256e+00
9.611135545230236943e+00
9.616048683971277100e+00
9.665909872083082277e+00
9.735076637332614524e+00
9.745684157582770624e+00
9.756405861383468547e+00
9.778092254287827245e+00
9.871990617475365326e+00
9.877397908415249006e+00
9.893205386329549711e+00
9.897645565066454765e+00
9.902653471404487817e+00
9.910264493988567125e+00
9.929092826613629796e+00
9.932550270935724512e+00
9.979954932187327543e+00
