-1.884815814280168811e-01
-7.934426187109767936e-02
-6.921937585050288999e-02
-6.814938349956284336e-02
-4.917426001833208327e-02
-1.182165037166768573e-02
2.115565849249004260e-02
4.767376949404264486e-02
1.751110459119443186e-01
2.188667545522496316e-01
2.919822910380357461e-01
3.135517585757328640e-01
3.234801435096710809e-01
3.701891098934870228e-01
3.930899011059104109e-01
4.384476920395868338e-01
4.431656494397587243e-01
4.812972341918381747e-01
5.202048254134015171e-01
5.522043614380491849e-01
5.912492176231058938e-01
6.915270892634599598e-01
7.224665354047978827e-01
7.295944415498918367e-01
7.736141820652759904e-01
7.786744989510459014e-01
7.795423039623927686e-01
7.937733458509605988e-01
8.197654010657238199e-01
8.576027391520608667e-01
9.522903040332151292e-01
1.010660469143181306e+00
1.051089802945881502e+00
1.053959629081579807e+00
1.083193591204091977e+00
1.123795234941490362e+00
1.233397168548405753e+00
1.235998110175134501e+00
1.255929349627086911e+00
1.360161806790669115e+00
1.360990922028337824e+00
1.398094432489593197e+00
1.416842183394706911e+00
1.453514628049705770e+00
1.502204769840996157e+00
1.516142297069755118e+00
1.540579774140065972e+00
1.552243276219170909e+00
1.560999226129096140e+00
1.569312523717671048e+00
1.569602642564094541e+00
1.587560305735779442e+00
1.601483416325355291e+00
1.604308592991512405e+00
1.632951430061051257e+00
1.634212280863731159e+00
1.651256857998965488e+00
1.653189002449684031e+00
1.661340309042987462e+00
1.736215405910803700e+00
1.774235166173732114e+00
1.902486580798117499e+00
1.906038852999576205e+00
1.991662973086020694e+00
1.997845693920835108e+00
1.998109848343502248e+00
2.052444898065052037e+00
2.083495770174004669e+00
2.112769160720881167e+00
2.144030910955120106e+00
2.194960968295931902e+00
2.262047342809609507e+00
2.315848136827433734e+00
2.338281797385048488e+00
2.371249167522152757e+00
2.404793528026203830e+00
2.445170116131323290e+00
2.450198738213870797e+00
2.452782601470751445e+00
2.461391080951879751e+00
2.472697703885899490e+00
2.475986848964386144e+00
2.488692251978233738e+00
2.504782991458006869e+00
2.568944964662192909e+00
2.610702443565988684e+00
2.629549917931337966e+00
2.663418274898717630e+00
2.766093018067212750e+00
2.788916370124720601e+00
2.830116941062843061e+00
2.867181100703587671e+00
2.877955021995831419e+00
2.887420700254251127e+00
2.987300390158705188e+00
3.109341336055245986e+00
3.128436307086702950e+00
3.216207767661579009e+00
3.273318370279739931e+00
3.289458929539724519e+00
3.309269590102837721e+00
3.319350621218928321e+00
3.362028390792734633e+00
3.440137683710268846e+00
3.454365837094263370e+00
3.496493008821182080e+00
3.536829347460321848e+00
3.601451229113554753e+00
3.626890139308690308e+00
3.652460273328047347e+00
3.688937990561844238e+00
3.693130413900389097e+00
3.769907812449647455e+00
3.771856121275888540e+00
3.787551799170306488e+00
3.798352939117012994e+00
3.798833726114255960e+00
3.815507375756027386e+00
3.852984377550225936e+00
3.909666953286103919e+00
3.937927307060262727e+00
3.961903555540276400e+00
4.039779012495819721e+00
4.046343417254878005e+00
4.100277093009559337e+00
4.105342707479120890e+00
4.118580298566802078e+00
4.126338478192837833e+00
4.133915162172283608e+00
4.256475493248284003e+00
4.280278273549939172e+00
4.281031360918187367e+00
4.302872630250447195e+00
4.351073834762186010e+00
4.360224635193659104e+00
4.366066359167912303e+00
4.387047463451726692e+00
4.426403234636434370e+00
4.431100357343685125e+00
4.486207956811631981e+00
4.505251855907253855e+00
4.548492783772981163e+00
4.557019550513341954e+00
4.628478594943453928e+00
4.673533330787194018e+00
4.673805325420017809e+00
4.696916544481068101e+00
4.716436931896476281e+00
4.729335901165676148e+00
4.791068207641962395e+00
4.819344307019798990e+00
4.830287341500111076e+00
4.830951788487898746e+00
4.864601321370699338e+00
4.876930686509308721e+00
4.976086610398155585e+00
5.059969325871180423e+00
5.067032310811960372e+00
5.068950444303733427e+00
5.125928942229348806e+00
5.157665351976351786e+00
5.165775626995666059e+00
5.226585704321123238e+00
5.242063218311553641e+00
5.248312103846731524e+00
5.294229607109079083e+00
5.324627221267088650e+00
5.341543597602893989e+00
5.344023879635243723e+00
5.351677984287121603e+00
5.391401940944992255e+00
5.421072869899968616e+00
5.448911005841032384e+00
5.456034399191536544e+00
5.458455657578030085e+00
5.487642293686738171e+00
5.489234571190270806e+00
5.519041882050125025e+00
5.532542569975718472e+00
5.535821891286299312e+00
5.552297891378726646e+00
5.568584581987011006e+00
5.582032247425009253e+00
5.585977671027404057e+00
5.618368799540885306e+00
5.625788248685679172e+00
5.630124552559323980e+00
5.662256175783044299e+00
5.760084391438775597e+00
5.834712277126820723e+00
5.857521081638685345e+00
5.905216458035659421e+00
5.942445934344394054e+00
5.956158887404117586e+00
6.010155659879650614e+00
6.107974487590623447e+00
6.141240348620971901e+00
6.142123076716078600e+00
6.145871841777140077e+00
6.202355724235252055e+00
6.203083802192176144e+00
6.217548352246235588e+00
6.221423679025945397e+00
6.223115252512894990e+00
6.248294404785950107e+00
6.296004266418503192e+00
6.332402897735450509e+00
6.417988488133581804e+00
6.497923712187010814e+00
6.563519460578336684e+00
6.629375592949537044e+00
6.649611342569473393e+00
6.652142564292490512e+00
6.684753356310639383e+00
6.690333270336424221e+00
6.742814403205593443e+00
6.781803611125004849e+00
6.982598609853522653e+00
7.033396121160276238e+00
7.033785210769366358e+00
7.062711950058242927e+00
7.079811150347503634e+00
7.084754130431418773e+00
7.152637499078601024e+00
7.202558913342458347e+00
7.209507468037005928e+00
7.209623122209955604e+00
7.210374839439856132e+00
7.240838516613165687e+00
7.286471734316807058e+00
7.333035407023737129e+00
7.412369733318079135e+00
7.420893738634109837e+00
7.439466339798746830e+00
7.532093932079004794e+00
7.599173248573185546e+00
7.652431857007462312e+00
7.711742140306470539e+00
7.762553963509573052e+00
7.772907350325615639e+00
7.898991774727675441e+00
7.906684853832270043e+00
7.937558988569242580e+00
7.951696784173454269e+00
7.956711477302397917e+00
7.991937195122242876e+00
8.060807779969630715e+00
8.069273790491427789e+00
8.102115075801005872e+00
8.115571185845494639e+00
8.138848771405211124e+00
8.272700075636967298e+00
8.279602861304528716e+00
8.282796761253029771e+00
8.303057169867260612e+00
8.306699285560394941e+00
8.409024827191780460e+00
8.499638943132843849e+00
8.526338688589413906e+00
8.534177357285425813e+00
8.542339312133059082e+00
8.656099672055363570e+00
8.669264356505985702e+00
8.675632850019949771e+00
8.686517176547141617e+00
8.720317120436355651e+00
8.818373272398916995e+00
8.824836954462091043e+00
8.865205922957944296e+00
8.891438970322450785e+00
8.902235045540521696e+00
8.977009795061741571e+00
9.005830659629387114e+00
9.051242061589773513e+00
9.074468335458570678e+00
9.212465187271806855e+00
9.244186499413132196e+00
9.332776325059354505e+00
9.356393747538565009e+00
9.407795981857615786e+00
9.439536271893665287e+00
9.469460636655595565e+00
9.499155853588172604e+00
9.511305049380640142e+00
9.529627738183096497e+00
9.595183245000788119e+00
9.647352321145989507e+00
9.694508152990509942e+00
9.739231658165548922e+00
9.766818756193725193e+00
9.792612339428744761e+00
9.883518957345925671e+00
9.939163067642791560e+00
9.960331500227386670e+00
