-1.827174815362556382e-01
-1.653398855616980689e-01
-1.480179999805872615e-01
-9.224892739964703214e-02
-1.163766846152242129e-02
5.806241980281151571e-03
8.075187253211602023e-03
1.046501326905618923e-02
2.158705110309774855e-02
1.189664811944441403e-01
1.403803827427723139e-01
1.434885479646992867e-01
1.510473802625691975e-01
1.527084308817719949e-01
1.703200059365858610e-01
1.902717582298962817e-01
2.056732950916037583e-01
2.747789833557237049e-01
3.153914055068265943e-01
3.626451704106332108e-01
4.049722363413612025e-01
4.307532016397118135e-01
4.635991916279386671e-01
4.916465081851015273e-01
5.108748584172051466e-01
5.147326904047311302e-01
5.560118603596728715e-01
5.570803654731326660e-01
6.123455590917266100e-01
6.191632144232286361e-01
6.700136163465997274e-01
6.886221299056916045e-01
7.037226408968981772e-01
7.553021070572865092e-01
7.583472433819324898e-01
7.667163391606042211e-01
7.701329066539752688e-01
8.145765336546832991e-01
8.397173493592426929e-01
8.642417661027514963e-01
9.226638798112585249e-01
9.546498677785755227e-01
1.001111226199878246e+00
1.007748217114888156e+00
1.011611322180475891e+00
1.115571076807365669e+00
1.133701241532302895e+00
1.242200529283071564e+00
1.253242540229911439e+00
1.264784457126749029e+00
1.318837267482276365e+00
1.344628021475314128e+00
1.345928218709339097e+00
1.369582484787619236e+00
1.393651304998290152e+00
1.409384074770466011e+00
1.459241967915497096e+00
1.526573552552656476e+00
1.541706348457162479e+00
1.556394366313580191e+00
1.591877465255883140e+00
1.599565748276820853e+00
1.612213467294533187e+00
1.630882370937863479e+00
1.817450288347727261e+00
1.840936601785579940e+00
1.841755854471861964e+00
1.874590176056459390e+00
1.931954922585238821e+00
1.949695977013036208e+00
1.981124751814932194e+00
2.046056758317436497e+00
2.084407043060693354e+00
2.185542142171646329e+00
2.186165873873815446e+00
2.212998568768688834e+00
2.217083895015156791e+00
2.229545910394568065e+00
2.269760716681246127e+00
2.271697337698376451e+00
2.297121990006604442e+00
2.302414520757063432e+00
2.310782589878704218e+00
2.334233512788493226e+00
2.389102474065798898e+00
2.428472818686173706e+00
2.447368174231505655e+00
2.453811662565995366e+00
2.478361988581731179e+00
2.513038736003836426e+00
2.515563075278692828e+00
2.535473140197041619e+00
2.574228136262322053e+00
2.582138348060458277e+00
2.601407244917274042e+00
2.614727552001407052e+00
2.615949191099558924e+00
2.653357933452005213e+00
2.756838384201675041e+00
2.828806450003848560e+00
2.855855820808047341e+00
2.879142572704576519e+00
2.985671489883835683e+00
3.010479021282001622e+00
3.013918271522279202e+00
3.020850283226722333e+00
3.024928154403329295e+00
3.161163798434959205e+00
3.221748065117312265e+00
3.337744929481828660e+00
3.351166349853077708e+00
3.351842846815101584e+00
3.380702040527581165e+00
3.424422703386833078e+00
3.426494996358196321e+00
3.431267339958915752e+00
3.470684604259734574e+00
3.530341539150671615e+00
3.544568432437572802e+00
3.549257077475886035e+00
3.556675979557872846e+00
3.557082701636550937e+00
3.564521145739899310e+00
3.574209076384958994e+00
3.584344708107758848e+00
3.603872056653456113e+00
3.652047706384323522e+00
3.655151131116763263e+00
3.657426943385703844e+00
3.697552976614206788e+00
3.749244141215692050e+00
3.797341504262056855e+00
3.913993021073452816e+00
3.929895163547001857e+00
4.008992314822714675e+00
4.012951160790875882e+00
4.086583356917262044e+00
4.092271935299301333e+00
4.097152500554056331e+00
4.103911891225037856e+00
4.115256292633332258e+00
4.119741478698990100e+00
4.128353992668903238e+00
4.178090271201572392e+00
4.215712140522755114e+00
4.223612687345630334e+00
4.243183233062706172e+00
4.255107737287954883e+00
4.281795711826875461e+00
4.294392917045481539e+00
4.352825944161319960e+00
4.387970995287040488e+00
4.417438624816321990e+00
4.428125530572160962e+00
4.447117223712726108e+00
4.504737805462278644e+00
4.525779973504438836e+00
4.531784745494997324e+00
4.654298675714384714e+00
4.682499324269284280e+00
4.710152947790154698e+00
4.768985438615698236e+00
4.769301559579802507e+00
4.783308371095633227e+00
4.858691665703948281e+00
4.880013069549929305e+00
4.940523591104324375e+00
5.001567441483784293e+00
5.041892988164940803e+00
5.056965004122882412e+00
5.084484107468989933e+00
5.137418881674842730e+00
5.140989977823077872e+00
5.153758739496610453e+00
5.245989659644191505e+00
5.322336235571178520e+00
5.330530464955455017e+00
5.382295252216537484e+00
5.412494831443730448e+00
5.432241366146019601e+00
5.440990292837146747e+00
5.506008875989698126e+00
5.506746464190784174e+00
5.515561307720158624e+00
5.546544004043545861e+00
5.556212012501083208e+00
5.661008639574006018e+00
5.674301189290140712e+00
5.796012053003217979e+00
5.913672223366332581e+00
5.917649699010428144e+00
5.923198512821204353e+00
5.928535369609419625e+00
5.948828406206596142e+00
5.959050692849656272e+00
6.001781896427037744e+00
6.006582534960127617e+00
6.013058531491416225e+00
6.059863151448903196e+00
6.084277169557589460e+00
6.111136106161374038e+00
6.172849521698655195e+00
6.176617350585863697e+00
6.208414724711341037e+00
6.272939815233288918e+00
6.314084170024274911e+00
6.419588315064625128e+00
6.488373602443550325e+00
6.502777632500317040e+00
6.507070875767138496e+00
6.511609347316898777e+00
6.518802450260090531e+00
6.615842622343492074e+00
6.646321500340660826e+00
6.648195897110649177e+00
6.735103288355277051e+00
6.744509030525689397e+00
6.769676389140361294e+00
6.780870425597921525e+00
6.789636995538256059e+00
6.989417817068353855e+00
7.019987023913626167e+00
7.046756705170780677e+00
7.138457715988953289e+00
7.217627251093835739e+00
7.244061292861539769e+00
7.245003375425431713e+00
7.255005141680872960e+00
7.260661662532116978e+00
7.267450380185853653e+00
7.281142413480077735e+00
7.284413061008473633e+00
7.301795377646471685e+00
7.345809064583864512e+00
7.398613261391108864e+00
7.400264137858846958e+00
7.422567638242120402e+00
7.427550972480505997e+00
7.441202618521750800e+00
7.444663892665918326e+00
7.491109523414314353e+00
7.496989124413778072e+00
7.511095235142327020e+00
7.564984666783344025e+00
7.639991468011688269e+00
7.655758841181237173e+00
7.673946086185922333e+00
7.694304983936576470e+00
7.714198883110138460e+00
7.735776321223140961e+00
7.774092246788510963e+00
7.776891976001016005e+00
7.811476836658470368e+00
7.852647121119765039e+00
7.878635057887906079e+00
7.894616687137923527e+00
7.949114168068544650e+00
7.981740404333547367e+00
8.001776410287039454e+00
8.015559470881628457e+00
8.066464408911027562e+00
8.128355005288399937e+00
8.140299135079908766e+00
8.145482799794875106e+00
8.218233571569273366e+00
8.243781113858359433e+00
8.246724682890334890e+00
8.276247698606944425e+00
8.282524315207064447e+00
8.467651897379875336e+00
8.470048099873205061e+00
8.480833100761119070e+00
8.488119513304685171e+00
8.504685785378915952e+00
8.516896637615165133e+00
8.520524610920642061e+00
8.573032522049921056e+00
8.576097356001300298e+00
8.579686535960997062e+00
8.584685394235236799e+00
8.633613329940327930e+00
8.653578847312180855e+00
8.678334989702170432e+00
8.810493641840364987e+00
8.849380174737673244e+00
8.862503597434370661e+00
8.876442275065540954e+00
8.903692759837316117e+00
8.964829351816096192e+00
8.967396137922014177e+00
8.976425777698107566e+00
9.082407513472794847e+00
9.140211348769021527e+00
9.171569374133579089e+00
9.186509742049038252e+00
9.204677906050001468e+00
9.216923764662679375e+00
9.222203235147052425e+00
9.259434864479541005e+00
9.329851304555447200e+00
9.400478183177961355e+00
9.482111642365943283e+00
9.483627172919552706e+00
9.564912548358126543e+00
9.577447027912976196e+00
9.585027364522140658e+00
9.677673681858586008e+00
9.691675203813591821e+00
9.697081066367935875e+00
9.730672440614695162e+00
9.737440795310266850e+00
9.787360332323121526e+00
9.818335210008887870e+00
9.842408879339041405e+00
9.881282281950744206e+00
9.962668315868240754e+00
9.994657756609393928e+00
