-1.240245061472667193e-01
-1.186692247467168171e-01
-6.468301867162493113e-02
-5.296186523382256928e-02
2.225595128801419187e-02
3.143215413169575534e-02
1.242513632615099839e-01
1.492616724611403600e-01
1.678341789208673829e-01
1.734638583070738926e-01
2.687852901748802870e-01
2.903196174603172031e-01
3.490289250453987857e-01
3.867673021495247609e-01
4.178360585923822090e-01
4.765027607239635254e-01
5.192186348659235673e-01
5.609492939663360822e-01
5.724459940207076158e-01
6.272169226419974652e-01
6.344639465049244365e-01
6.666465142048780823e-01
7.608791522542110997e-01
8.523376960966086990e-01
8.749470199243472024e-01
8.958458880026243243e-01
9.233367307801043644e-01
9.376772004984414988e-01
9.545473079952355722e-01
9.650057023367184517e-01
9.687496265035520082e-01
1.004874828711284973e+00
1.019853811883725925e+00
1.035088871159376200e+00
1.036201632622740565e+00
1.055296038281956283e+00
1.074353318465538720e+00
1.102533773049102495e+00
1.125101323334791292e+00
1.146027389799524787e+00
1.206774636927752109e+00
1.234877688847923594e+00
1.242334558308245462e+00
1.267425203276529633e+00
1.340035739887499577e+00
1.395653818870331131e+00
1.399970564609741563e+00
1.408243685948735724e+00
1.418947794294724840e+00
1.426681037496826177e+00
1.449374139658059724e+00
1.457278109686352074e+00
1.545319507710650075e+00
1.553265064914386206e+00
1.556122439746213670e+00
1.558534251677420990e+00
1.574364080850313652e+00
1.578543925071958176e+00
1.580757656453373183e+00
1.593095443074066697e+00
1.602500992935019131e+00
1.750960732477045534e+00
1.763079760694088893e+00
1.789993447274445426e+00
1.811279675328865357e+00
1.836629554663179453e+00
1.863749860182860596e+00
1.864481863605192080e+00
1.869323078394696802e+00
1.907039954109356783e+00
1.939181128986160685e+00
1.989748651809061242e+00
1.990047183400751374e+00
2.093714139190183232e+00
2.112062420139832142e+00
2.170117196308141150e+00
2.189509035373611745e+00
2.197325321361657480e+00
2.198522135786971088e+00
2.213700322002068788e+00
2.228655088096433090e+00
2.233348786643488459e+00
2.267111703266348144e+00
2.311122737387409476e+00
2.337766139372259300e+00
2.363166540373588642e+00
2.443284655426533725e+00
2.533795443227481847e+00
2.601701495085694926e+00
2.622697640563583121e+00
2.644890426984274345e+00
2.660811764840988580e+00
2.680064730582567112e+00
2.683501351443520644e+00
2.831827105206995654e+00
2.894438299172034768e+00
2.897951006385702133e+00
2.918901676292424696e+00
2.970732434494748109e+00
3.121856844950703813e+00
3.125876136581465126e+00
3.149652265052998779e+00
3.181663708728666773e+00
3.231841575340325790e+00
3.247533864633684875e+00
3.247967042610383270e+00
3.291109989647438283e+00
3.342443279214383001e+00
3.420062202812531371e+00
3.429763451130799723e+00
3.481476704810357869e+00
3.513154371097281903e+00
3.527849484317569395e+00
3.535389677556016075e+00
3.566617036639989191e+00
3.601726452533153822e+00
3.612739085183535703e+00
3.649819550425871917e+00
3.714062587587616537e+00
3.799988612177408687e+00
3.805680613323388251e+00
3.824163311561441070e+00
3.829054895276550852e+00
3.863071643759646179e+00
3.890994107884581332e+00
3.899426381330807878e+00
3.927167714969471035e+00
3.945234453536209607e+00
3.959582297184823574e+00
4.004822597352886149e+00
4.045639179088068360e+00
4.048465852425962019e+00
4.076098204157927007e+00
4.078247054268899774e+00
4.112970639221980917e+00
4.115721001011070967e+00
4.117717424392772330e+00
4.153002539349885502e+00
4.154404697007271885e+00
4.167980055397835670e+00
4.187531585146782476e+00
4.206418962700043451e+00
4.226610727448417038e+00
4.379661266686169618e+00
4.410954790575890350e+00
4.574350550113625680e+00
4.682978836378194565e+00
4.718267457255648445e+00
4.795376818613707570e+00
4.810767077261446367e+00
4.848741982356901126e+00
4.935144210252214059e+00
4.937773649913046015e+00
4.946906750746115300e+00
4.968149978133729938e+00
5.025363818070914590e+00
5.046533574474235451e+00
5.113121472837982573e+00
5.141803487393213246e+00
5.228493075119569511e+00
5.228609658969554985e+00
5.310705426420280872e+00
5.330705372404497489e+00
5.345204035540120024e+00
5.367400467432165811e+00
5.387563853492435939e+00
5.412586511871133155e+00
5.491515628844028996e+00
5.502704563061437959e+00
5.638000626313407260e+00
5.646084614678110292e+00
5.657856379896407439e+00
5.756805573073197735e+00
5.797269694665631690e+00
5.828512958768357066e+00
5.921450073797580593e+00
5.925745737036022476e+00
5.927090072588351077e+00
5.927685809259088501e+00
5.932211094940325502e+00
5.936508301564733081e+00
5.988163406936890532e+00
6.045456172374112036e+00
6.048119317738470890e+00
6.072365422991455652e+00
6.095322091519312480e+00
6.151986613499913936e+00
6.167579388744176327e+00
6.181449881239495348e+00
6.264932622064372403e+00
6.271645147443638990e+00
6.295198066957333971e+00
6.304532496561820132e+00
6.312275814850921485e+00
6.412380121400996558e+00
6.440125884688690405e+00
6.470084423412656882e+00
6.542618360320293647e+00
6.561851357449810074e+00
6.586415620577535712e+00
6.610558968204989228e+00
6.799629596781796792e+00
6.936968031453444539e+00
6.990516765067731342e+00
7.054504231680133408e+00
7.077252829948339929e+00
7.097446631644862336e+00
7.106446675761612042e+00
7.136409940985233291e+00
7.143423934862587643e+00
7.192499425373405586e+00
7.261584974869211173e+00
7.281455022906618169e+00
7.326567010205216945e+00
7.351160092667952561e+00
7.430631346450882191e+00
7.434519730218187128e+00
7.471411884755024602e+00
7.478557371321866931e+00
7.481637902697483966e+00
7.538456847255623927e+00
7.545078770297980242e+00
7.545853127199936949e+00
7.550721874976530579e+00
7.558487596892407012e+00
7.570789782281754476e+00
7.598057720952799521e+00
7.615594195526717236e+00
7.618346044362597880e+00
7.715376379992193279e+00
7.802344864886779696e+00
7.811582183728268625e+00
7.822028899058557805e+00
7.834657365330923717e+00
7.976835619200289607e+00
8.104807251186379347e+00
8.144115300961107806e+00
8.148530841604069153e+00
8.156934914478640053e+00
8.160066271233004542e+00
8.197052073205703948e+00
8.212760591045853431e+00
8.260012904433461145e+00
8.327065982133538213e+00
8.330198990266254100e+00
8.366527518449419887e+00
8.385541472965622134e+00
8.427497553000993236e+00
8.472744916086609734e+00
8.484054775819965144e+00
8.505987607233903347e+00
8.512115751523339213e+00
8.514299260529039515e+00
8.548359350201533147e+00
8.571131720804336496e+00
8.588446387822560979e+00
8.602823388219929868e+00
8.634730701465009872e+00
8.637616466215026989e+00
8.705399347756639372e+00
8.720937954625988198e+00
8.756024310244949760e+00
8.782114354174389348e+00
8.784789678425301673e+00
8.805390823046920445e+00
8.826048059640326571e+00
8.834120179563209163e+00
8.882683364250421931e+00
8.889665438768963313e+00
8.906471707738289112e+00
8.909436695978721232e+00
8.919375328903022648e+00
8.929339571848680990e+00
9.000189604108513208e+00
9.003790137208405042e+00
9.021846857660596797e+00
9.042909673581817742e+00
9.052098007692990222e+00
9.073240120364102879e+00
9.083201644526726071e+00
9.104901547928433203e+00
9.105236341248346577e+00
9.131668990550137366e+00
9.145316800053784334e+00
9.164962001310826167e+00
9.180045323443112082e+00
9.185574879231856116e+00
9.217943074942001047e+00
9.268500351845247565e+00
9.325744760943001310e+00
9.332564485012550648e+00
9.341080589569799031e+00
9.351731126570527408e+00
9.421765216517927755e+00
9.473724962489226797e+00
9.497934355005918761e+00
9.514319614678312220e+00
9.523344377416547601e+00
9.690141628081493153e+00
9.741224770287281842e+00
9.754440244726490405e+00
9.771484964859087796e+00
9.771728107982010414e+00
9.783691771274977356e+00
9.795224955642138909e+00
9.819081394615327696e+00
9.832427218190371576e+00
9.833480967402955741e+00
9.849623538909112241e+00
9.894554752676027576e+00
9.931397524043294567e+00
9.966936697021996139e+00
