-1.351010004585836144e-01
-1.290576113138942049e-01
-9.335207532925789142e-02
-4.178710127677334740e-02
-2.740806950372248751e-02
-2.954406565263412165e-04
3.508202426811138364e-02
5.822513892976782790e-02
9.214335600784073765e-02
1.010227347012989108e-01
1.302928129075724972e-01
1.457180139775990368e-01
1.653341566028619369e-01
2.777605491296126772e-01
3.024255856791407404e-01
3.126894741255338839e-01
3.197362571013592780e-01
4.951594250466581637e-01
5.404610129670843754e-01
6.143351602869304706e-01
6.182583718746434975e-01
6.767650754948499880e-01
6.939321270610867565e-01
7.339499731554837147e-01
7.524174836046915171e-01
7.874306607974521643e-01
7.915014354907983218e-01
8.080259582263438212e-01
9.221517288636280618e-01
9.479322791917914603e-01
1.017814336305851830e+00
1.023963046062840165e+00
1.050110503310941246e+00
1.052868159729430042e+00
1.078113677158006434e+00
1.147782650362745738e+00
1.164550615286136459e+00
1.178121696020065112e+00
1.211017680036343469e+00
1.228617252286062778e+00
1.231434987544878012e+00
1.262061373800451358e+00
1.267203142804916860e+00
1.290155835527284856e+00
1.326108723766109332e+00
1.335971081633101631e+00
1.347350320121632583e+00
1.366023038913287024e+00
1.382280228734032779e+00
1.382707856586576245e+00
1.399377866352560451e+00
1.424689860602803559e+00
1.433272259013982808e+00
1.437566974148907661e+00
1.472133675898742888e+00
1.487202189156282106e+00
1.542164672347408727e+00
1.613636927289128664e+00
1.616892311717606168e+00
1.684846601631929230e+00
1.687744210226833186e+00
1.702622482779274860e+00
1.774482087928750396e+00
1.776410834484688506e+00
1.815074161602322933e+00
1.842807485783161559e+00
1.935648805400694838e+00
1.998361897052657321e+00
2.024250151435975642e+00
2.028395248611024382e+00
2.060126625731312444e+00
2.177201347245572460e+00
2.192812833760336755e+00
2.250445362213278511e+00
2.268972496782748038e+00
2.305524726818652503e+00
2.306322357595784300e+00
2.323898609869219367e+00
2.334571509110998644e+00
2.399730164049640013e+00
2.420564093978692988e+00
2.503911889742579167e+00
2.504158584442669699e+00
2.527957248550753544e+00
2.556832537183616694e+00
2.563019046893572739e+00
2.623317448655117179e+00
2.631644195718829238e+00
2.678502220466831840e+00
2.717669673199091029e+00
2.757233365085973276e+00
2.831232690006319608e+00
2.855112608696039445e+00
2.865842378551942904e+00
2.887204996272314972e+00
2.933273149888334874e+00
2.976558801956420197e+00
3.075426503020426416e+00
3.081835423367546234e+00
3.126232579405451073e+00
3.191435290927687074e+00
3.279890102630587112e+00
3.303976327924960099e+00
3.316654496437817290e+00
3.340469636358628591e+00
3.359675857041035218e+00
3.379783984335472447e+00
3.381414104008100274e+00
3.383449621168326704e+00
3.391476241217850074e+00
3.412379375402618820e+00
3.421742430824647130e+00
3.441460055398462003e+00
3.463821077268257831e+00
3.488619802346405230e+00
3.514724557516042847e+00
3.638693369699264935e+00
3.646142582329100268e+00
3.656682221273135802e+00
3.657180296293736976e+00
3.712835883426584438e+00
3.719700226602599802e+00
3.732841428305225140e+00
3.775450322842561324e+00
3.818551721879229532e+00
3.952414823704436309e+00
3.970887107472141686e+00
3.992645351122654063e+00
4.040210150753088314e+00
4.049990143621047700e+00
4.080347823144334640e+00
4.119317288973418201e+00
4.164487739522483523e+00
4.204683885827610546e+00
4.276607865962070321e+00
4.370128521082150108e+00
4.431920596500215304e+00
4.434053136940490525e+00
4.547009291324866531e+00
4.559174518874196558e+00
4.573938963639724520e+00
4.585827851826469903e+00
4.596810490176072683e+00
4.616740131191375163e+00
4.663265991129210697e+00
4.683659594261111003e+00
4.728597823559521629e+00
4.759625739838690528e+00
4.817711693130691586e+00
4.874741912572106095e+00
4.881704491870115348e+00
4.951935557141316835e+00
5.028290428140126167e+00
5.072660791289485438e+00
5.137173885046536270e+00
5.173279713384953737e+00
5.196535327930729586e+00
5.313284556412931181e+00
5.343603040138469318e+00
5.353167884843728075e+00
5.380376144659539506e+00
5.388550949775907206e+00
5.408810110946826732e+00
5.438986451002079114e+00
5.556902034582342331e+00
5.567475908795262995e+00
5.591604721663799182e+00
5.593709209570818963e+00
5.692511976540408192e+00
5.709810285738043056e+00
5.745035772990909173e+00
5.761833964626316806e+00
5.771458336002424083e+00
5.772555626701980636e+00
5.779402025282597499e+00
5.781471811210302292e+00
5.786873856591073562e+00
5.810981339246843014e+00
5.835627730625735587e+00
5.852391470383766503e+00
5.920286274689854800e+00
5.922174362265699266e+00
5.926296727466750625e+00
5.971507757406018690e+00
5.993512990083216252e+00
5.995148866816575328e+00
6.013757556300017626e+00
6.077504610990381195e+00
6.085246468088288729e+00
6.148827270447795534e+00
6.200493216443666356e+00
6.260195821188644594e+00
6.284870623706164672e+00
6.348753721321045873e+00
6.353844060403885941e+00
6.433097821969490759e+00
6.497336314671435353e+00
6.517304163598572231e+00
6.559331829832407479e+00
6.607721360891409823e+00
6.628642738010585234e+00
6.651229413660002088e+00
6.651804879939670734e+00
6.743621187534378336e+00
6.794620429956007790e+00
6.800477542489320015e+00
6.868259294255238956e+00
6.891468852579426319e+00
6.924846486965128278e+00
6.933726354870912267e+00
6.947954838323838089e+00
6.955336002876706836e+00
7.052461582067659052e+00
7.067083743831744869e+00
7.070418968045271590e+00
7.084013501531867263e+00
7.176271886347214135e+00
7.262968843168971844e+00
7.266229953556722521e+00
7.294870168455345194e+00
7.406123621437794569e+00
7.456175124990497061e+00
7.484183606060346605e+00
7.545287073847505077e+00
7.554288508650645717e+00
7.574491857715411669e+00
7.577709511535958953e+00
7.611363053720586969e+00
7.616758405512715768e+00
7.617541934193400088e+00
7.672832172907793513e+00
7.767144937831381490e+00
7.908624424946936848e+00
7.911257802354163537e+00
8.006240342729791237e+00
8.023757200439701975e+00
8.044070253087591382e+00
8.073371334189657134e+00
8.098747935032095668e+00
8.127424312051564570e+00
8.193204122363688668e+00
8.212566809632297904e+00
8.280327635218943882e+00
8.320111066585480941e+00
8.324021518977170686e+00
8.324380802244879973e+00
8.338110733721421752e+00
8.353439213147080267e+00
8.370474813447684070e+00
8.390045826684307428e+00
8.469678406663657455e+00
8.479375767291594812e+00
8.539453380840679841e+00
8.587513929234800614e+00
8.667426303286367428e+00
8.673958168938444402e+00
8.699638420077082657e+00
8.718564418838115060e+00
8.769798308115669627e+00
8.783460415427525092e+00
8.792180333477666920e+00
8.841922675552432054e+00
8.894884353240046337e+00
8.906389097313674341e+00
8.918421345971868419e+00
8.931101028710136447e+00
8.967374930582968418e+00
8.986014158054324241e+00
8.997355977514040148e+00
9.046098607809460290e+00
9.068123326409343932e+00
9.119256257889414741e+00
9.122996429223919179e+00
9.142932248423740305e+00
9.169357969920458373e+00
9.181770719683550297e+00
9.196908660759119059e+00
9.199850710607361037e+00
9.296636818810469549e+00
9.306215765015606323e+00
9.360838948922085123e+00
9.414818515173301705e+00
9.454386152984527669e+00
9.487603746034327656e+00
9.501816720043045450e+00
9.518469354731415422e+00
9.623664472888945554e+00
9.628792895903373505e+00
9.648507463447954180e+00
9.715985436152205779e+00
9.792093009179877683e+00
9.850815892193988788e+00
9.870171619067487967e+00
9.886696353659743863e+00
9.895048931113217705e+00
9.897318554983812078e+00
9.914621510209375543e+00
9.930610126222674694e+00
9.968797646372339116e+00
