-1.885825965477142541e-01
-1.843887312896861919e-01
-1.713718461730835696e-01
-1.612955490685415438e-01
-1.316928272693548285e-01
-1.126939758217050946e-01
-3.449281571924436851e-02
1.997195684694175188e-02
4.348787404154372260e-02
8.693944062184039145e-02
1.278373720373963129e-01
1.789066819315667800e-01
1.908261078414633105e-01
2.031030852925259644e-01
2.079503454516920535e-01
3.147798889990690019e-01
3.700084114288978987e-01
3.947397590494879371e-01
4.300226191230713257e-01
4.448545890024696026e-01
4.652096242013064598e-01
5.867680986948486943e-01
5.930130798904726941e-01
5.936506873486782077e-01
5.977397618543160984e-01
6.978378201704213968e-01
7.053394872336822274e-01
7.402213844691467592e-01
7.457691110505371146e-01
7.700573087840749675e-01
7.821285767566896752e-01
8.074938782079603694e-01
8.646478023628363374e-01
8.710673837679785425e-01
9.127325268242825196e-01
9.950604751626752620e-01
9.963630840522270660e-01
1.004619195405061394e+00
1.049481294376601870e+00
1.104573453689976059e+00
1.138785412480790571e+00
1.258508286762772821e+00
1.302808781079525913e+00
1.330590013314202347e+00
1.347798286724536165e+00
1.366746682119513778e+00
1.374322747330158689e+00
1.420708909653159990e+00
1.473776028242662850e+00
1.489905662233963923e+00
1.542907783553782775e+00
1.571517327010995668e+00
1.644377730239093838e+00
1.736598037473332301e+00
1.764421522226996331e+00
1.845329314757951922e+00
1.907360315019643204e+00
1.914619611159406043e+00
1.963838403262598176e+00
2.014691727432305068e+00
2.015210711582704928e+00
2.017187844558283150e+00
2.024362255312545322e+00
2.081495459952599436e+00
2.086392369774666022e+00
2.161837575549910184e+00
2.162472247196686848e+00
2.202569036263864799e+00
2.224487750505412365e+00
2.225950050062570185e+00
2.238229129395306938e+00
2.255633792541013261e+00
2.316775869279018352e+00
2.345356708989245309e+00
2.345647149920507601e+00
2.477749978653004614e+00
2.524537448465915990e+00
2.535019911484310384e+00
2.562616243063554844e+00
2.605856791289448804e+00
2.634467672069063404e+00
2.695065824085296491e+00
2.715199273186852835e+00
2.722420030076347253e+00
2.756399103240001036e+00
2.761659650418812006e+00
2.779568683752458913e+00
2.791581625545530354e+00
2.831261864115768745e+00
2.843195967098288257e+00
2.846710672860451208e+00
2.932917965526003368e+00
2.946258940801506743e+00
2.960602010680469576e+00
2.964500832593729207e+00
3.023486870613772748e+00
3.032093729251644110e+00
3.060335555609118074e+00
3.080606187389617556e+00
3.085413765024481059e+00
3.110834158405834771e+00
3.180314303666896603e+00
3.205091721886624612e+00
3.224168641488188047e+00
3.244859140191593383e+00
3.266114268595928571e+00
3.422137720110568715e+00
3.438820244359339195e+00
3.470869172813599413e+00
3.502038930430272590e+00
3.507244505786139221e+00
3.515115416026307837e+00
3.538817899854062254e+00
3.637404110922428657e+00
3.685924983016580114e+00
3.713925755030472953e+00
3.751959826356851213e+00
3.846320679746376925e+00
3.865008425288213978e+00
3.910357327596403643e+00
3.911183192898917582e+00
3.919603579721636422e+00
3.929892772101984733e+00
3.966750883198274735e+00
3.983796771886168209e+00
4.134174219625303515e+00
4.166922546043322129e+00
4.175980569227047745e+00
4.191401967289464459e+00
4.240429754120814465e+00
4.310767333689845771e+00
4.361474860461713732e+00
4.384612530770305661e+00
4.386471954478682989e+00
4.395489594445964876e+00
4.399147937077625414e+00
4.441960651585472597e+00
4.463825614337222802e+00
4.473065840636741619e+00
4.474149980504420476e+00
4.511064297704352910e+00
4.604216736073444061e+00
4.608435647057713247e+00
4.629605589213722894e+00
4.675991312344144113e+00
4.711349717429212269e+00
4.711627137915964880e+00
4.728742909820334184e+00
4.736838120598899415e+00
4.750370692665405237e+00
4.788007844958985793e+00
4.857630621744416288e+00
4.859319549662532545e+00
4.862937689392677676e+00
4.880586388206075377e+00
4.890699704250610402e+00
4.926061435723068094e+00
4.933198566328456103e+00
4.938809190750850675e+00
4.996636056013680438e+00
5.059784170383882618e+00
5.072532910529828243e+00
5.074144968131348854e+00
5.095054085924300757e+00
5.104889522305196436e+00
5.162760501905373722e+00
5.172362858224119009e+00
5.200925086288799903e+00
5.208875810104077964e+00
5.226502747295761253e+00
5.287847716069729920e+00
5.316223934379706861e+00
5.333336987640305615e+00
5.364586638748413350e+00
5.376407151702042420e+00
5.376713804058256052e+00
5.452151151876927671e+00
5.492896455315452897e+00
5.562788947077263124e+00
5.567285154593805352e+00
5.603844196858916327e+00
5.613337453183929959e+00
5.660328011202225618e+00
5.726465064936261840e+00
5.750407459383549025e+00
5.849720025076543095e+00
5.886957188168049804e+00
5.957756405580783898e+00
5.975392516610093629e+00
5.977378625471733820e+00
5.991040104528382315e+00
5.991308847771820822e+00
6.013509099229028543e+00
6.025462741399462807e+00
6.035818964889345217e+00
6.080205014406578456e+00
6.095373172420739394e+00
6.102154414153686979e+00
6.132207534794925863e+00
6.173372808021693636e+00
6.192681579973386974e+00
6.301213673906028490e+00
6.336101241282614538e+00
6.381792999462077454e+00
6.405420478019003383e+00
6.422352151995505132e+00
6.443074132421179101e+00
6.465660977924461150e+00
6.527706982224485088e+00
6.591653969146667791e+00
6.648715327745722270e+00
6.653204044858733290e+00
6.714939943513675402e+00
6.767400008468499095e+00
6.791589863467857313e+00
6.828112321911297578e+00
6.828651871689348063e+00
6.922571917292462018e+00
6.929507763125187125e+00
6.930919717312225892e+00
6.952540228570455838e+00
7.012044104755972285e+00
7.113475938617846772e+00
7.208326257448508301e+00
7.259019397827669806e+00
7.308321987269822628e+00
7.324173675466972178e+00
7.324208316493080240e+00
7.341906616634256366e+00
7.363216617495617733e+00
7.414462551415530456e+00
7.457227746119641232e+00
7.484012180879028087e+00
7.515036090712793104e+00
7.547507268155988491e+00
7.567306031699120084e+00
7.567570292522808550e+00
7.577252874695111551e+00
7.597083299329208117e+00
7.705683585290759474e+00
7.720395861755943834e+00
7.752841216069593422e+00
7.765377649102586766e+00
7.782671246476634330e+00
7.813576250151501590e+00
7.819803349388368297e+00
7.841771420732642106e+00
7.847022990707396950e+00
7.869707082455914993e+00
8.011237659203265693e+00
8.027636246955658805e+00
8.057664303610241774e+00
8.103316131878958828e+00
8.127887851497671790e+00
8.151308613171881490e+00
8.162154763717905936e+00
8.172956584642006916e+00
8.177875272221946545e+00
8.179219723348673199e+00
8.184560712299608909e+00
8.208631849261365687e+00
8.213690744946768874e+00
8.336448628132524519e+00
8.380820853860406316e+00
8.384101699356181214e+00
8.462198704072635635e+00
8.465472902268695421e+00
8.530496016470856091e+00
8.551459214324291125e+00
8.558775895865002425e+00
8.581525714221463375e+00
8.653687576496064793e+00
8.654184437904648419e+00
8.660524245646652020e+00
8.701984859317722254e+00
8.727646141976943994e+00
8.753085015081243370e+00
8.769448335674955075e+00
8.783427415610864486e+00
8.837532876228104683e+00
8.841931070509437163e+00
8.878356351251348144e+00
8.903449190309315142e+00
8.936010146372000307e+00
8.982152789849171981e+00
9.067183990397548854e+00
9.087001345180782508e+00
9.087775544437507236e+00
9.135855116303380541e+00
9.160656195517661970e+00
9.179291144166892735e+00
9.188441962824905218e+00
9.281360487041567353e+00
9.358180907344115340e+00
9.400821439747076624e+00
9.414507452517254293e+00
9.444283682166769722e+00
9.494733965146268773e+00
9.603618908576308399e+00
9.619747313239622954e+00
9.623189568035439123e+00
9.668494045960093430e+00
9.704648936324620223e+00
9.718622901006320092e+00
9.761947303599951553e+00
9.827990308621147975e+00
9.844358139219210102e+00
9.876044263927706623e+00
9.885605964712830485e+00
9.890399739379438060e+00
9.910316974423674097e+00
9.914942942029455253e+00
9.959734810270598260e+00
9.977936389345998691e+00
