-1.695982944600954445e-01
-1.437070507678420705e-01
-1.061948050659245052e-01
-9.313747156818960593e-02
-7.125322388872645796e-02
-2.077499538667543222e-02
-1.958862940900341076e-02
1.235856926321046712e-02
1.442765567708639840e-02
3.302611983161335418e-02
4.812952683720714275e-02
7.024933366837737836e-02
1.596767283789907732e-01
1.654734281801633067e-01
1.677273552224154418e-01
1.897187538704140364e-01
2.122452004095312095e-01
2.304571364377875353e-01
2.365057184799536083e-01
2.400072755868555840e-01
2.423867259275798158e-01
2.680953368516191815e-01
2.775122940204009514e-01
2.938853459992231687e-01
3.128020705583574590e-01
3.419388043645512076e-01
3.542145921075707249e-01
4.341517122737646450e-01
4.520478565758722644e-01
5.541297631983002070e-01
5.558125200438361890e-01
5.778816370493062848e-01
6.043267715657767436e-01
6.365293672321614693e-01
6.439016255692950885e-01
7.014326099628866995e-01
7.020051014699872916e-01
7.575197391299568483e-01
8.257911880639221547e-01
9.274834962494342694e-01
9.374590844890178243e-01
1.108491602432011502e+00
1.177408606383474554e+00
1.224150071698544950e+00
1.226513965435969800e+00
1.248700401856331244e+00
1.315439606874723610e+00
1.368832442263838933e+00
1.382790701346573892e+00
1.388521594347491783e+00
1.444566697164425539e+00
1.487574665467434665e+00
1.500879683418715693e+00
1.510656394830380833e+00
1.569509436867878138e+00
1.571747930487715550e+00
1.584001072322209103e+00
1.585379812921538623e+00
1.602314913680340513e+00
1.657753939355416595e+00
1.710429833618260620e+00
1.720101017670860433e+00
1.779397324419678572e+00
1.800567194449939956e+00
1.824590321240227686e+00
1.839034174649532227e+00
1.867255749547085175e+00
1.908081006031290938e+00
1.925658341535755325e+00
1.927798877204435657e+00
1.943396023861539978e+00
1.952925513421330583e+00
1.977553255274227650e+00
2.040291210340033690e+00
2.135748073913453116e+00
2.180916563798892316e+00
2.185753826307720527e+00
2.200340438210655947e+00
2.209008388676160006e+00
2.266545182935439939e+00
2.276718572509851768e+00
2.323811055467255748e+00
2.353404503089031596e+00
2.375745862980130241e+00
2.382330140964279419e+00
2.412752993478479269e+00
2.449600447526140368e+00
2.461124110247443930e+00
2.462959781881833621e+00
2.484140657163167898e+00
2.497946497432078861e+00
2.512882927117245924e+00
2.541167332493435627e+00
2.553090482449334786e+00
2.617802574249575187e+00
2.635544136695929573e+00
2.660853666479943591e+00
2.704201334792674771e+00
2.798872960725092174e+00
2.872456008370845471e+00
2.933838477684941992e+00
2.941761986899296133e+00
3.031401580419727626e+00
3.050226932515164968e+00
3.055026249723248100e+00
3.086928073100569048e+00
3.088706434217595831e+00
3.114682941530325877e+00
3.135878069969068260e+00
3.144834423236555931e+00
3.152793385410592286e+00
3.221277624821178520e+00
3.259469073042811083e+00
3.269541333233315417e+00
3.295998561909111224e+00
3.367156236655824308e+00
3.387646136984416412e+00
3.522298306307704685e+00
3.531668512580926844e+00
3.569749928163227004e+00
3.580319193951361001e+00
3.658685976539967744e+00
3.680539776478027658e+00
3.711250233890606154e+00
3.732193597859549961e+00
3.746696515325056875e+00
3.832521865717303022e+00
3.860556220154214735e+00
3.893088476335204717e+00
3.903142153440446016e+00
3.931124568582555767e+00
3.937071156828123364e+00
3.943329496198770379e+00
3.972943366079076277e+00
4.012503050598485999e+00
4.046286345763511427e+00
4.051192998186520455e+00
4.056533798779573097e+00
4.097599015643175413e+00
4.127288666138654527e+00
4.143382203212106596e+00
4.222019516671785766e+00
4.230856787857145029e+00
4.234273440518138365e+00
4.235360803349723646e+00
4.235382847627603198e+00
4.242454847372997051e+00
4.243972369806635392e+00
4.249673884375936517e+00
4.274395988120691214e+00
4.275057022691520991e+00
4.276391046395695561e+00
4.309171511853103986e+00
4.321158710515647705e+00
4.351496355602317401e+00
4.370040055323373807e+00
4.464340275095067589e+00
4.481304555506781639e+00
4.484762598129904632e+00
4.598657457934656634e+00
4.610537931706820913e+00
4.633964441426076775e+00
4.637449059942952978e+00
4.654018340681502330e+00
4.685430734303528411e+00
4.787808108336758295e+00
4.839356637322810073e+00
4.881292103037025321e+00
4.916863136406945500e+00
4.943338754878213059e+00
5.026215698081007766e+00
5.048793934684287166e+00
5.054219542959256906e+00
5.071496063825844836e+00
5.089546908914782009e+00
5.108811373872165440e+00
5.114233503665523095e+00
5.164246081078097461e+00
5.252116286103607479e+00
5.257377142476403087e+00
5.261048164003599759e+00
5.314566696948596736e+00
5.338924606281628016e+00
5.447951497238163299e+00
5.473384832235554498e+00
5.477486369381614040e+00
5.538562780756737247e+00
5.574005945991316047e+00
5.590311727935996622e+00
5.629830068242081431e+00
5.667488409182782405e+00
5.697959834302180226e+00
5.784828569603405413e+00
5.860820307678961782e+00
5.872054434423320757e+00
5.886031658621549312e+00
5.888750790873321428e+00
5.916586207681738152e+00
5.997909387070717635e+00
6.020631089148802850e+00
6.041475102955655707e+00
6.043006355626824089e+00
6.112224582590728872e+00
6.251696326416090521e+00
6.278938160195406404e+00
6.281185455919148453e+00
6.357358177256372755e+00
6.387358871606244826e+00
6.435882655887467330e+00
6.594213421324766955e+00
6.602885044009584981e+00
6.603346669906727584e+00
6.659572897647208833e+00
6.677500638523510723e+00
6.677976909231022162e+00
6.735785140540708760e+00
6.802432419588218870e+00
6.806148197135952316e+00
6.851658547769281959e+00
6.854120072181545176e+00
6.898568375207898562e+00
6.972296635885048666e+00
6.975040013779420178e+00
7.051351866639744337e+00
7.088423726334821318e+00
7.115807188427144325e+00
7.117123542534439906e+00
7.130416669584155542e+00
7.131528049239820533e+00
7.137542176929388305e+00
7.163909059986453443e+00
7.203694216545200923e+00
7.216937054551476827e+00
7.228456617942812024e+00
7.252049183289844159e+00
7.276377618226128163e+00
7.277935254949738919e+00
7.283068335744809829e+00
7.293272563219264981e+00
7.320742786132014679e+00
7.331507710107336706e+00
7.444929733097001900e+00
7.475313623188347023e+00
7.569383638839849660e+00
7.613659747105381292e+00
7.657051787515077201e+00
7.788809811502698466e+00
7.846889045674884322e+00
7.876151923807239719e+00
8.114579187101201185e+00
8.136260711778149357e+00
8.163831269889305631e+00
8.230125290602630983e+00
8.234708683481686720e+00
8.246223883541258459e+00
8.251278597912998336e+00
8.296769052467272587e+00
8.311989310767929240e+00
8.361741458757769863e+00
8.433822074207743213e+00
8.436962740446636744e+00
8.496484226367787329e+00
8.510680765655761704e+00
8.523990700523656372e+00
8.608242130303986883e+00
8.619625019705965840e+00
8.637074775263405613e+00
8.648062323177416744e+00
8.662475903704791591e+00
8.700125687069405700e+00
8.755241752366400121e+00
8.762736860101513869e+00
8.774982546306942410e+00
8.857045786237963014e+00
8.885709076879948043e+00
8.885907409401605506e+00
8.888741504810997895e+00
8.914907480736809831e+00
8.971442521650148549e+00
9.011315561077337222e+00
9.097909148887909581e+00
9.176235398399020582e+00
9.206746766748693744e+00
9.267872065750061950e+00
9.278846038868101331e+00
9.282389365308896245e+00
9.315976047319814768e+00
9.322516350090246817e+00
9.330878455327971110e+00
9.373545153028796761e+00
9.381634620616901898e+00
9.403579917438554148e+00
9.429499074163002703e+00
9.451869440306948533e+00
9.453021413195980216e+00
9.483336301749966779e+00
9.558822860337899741e+00
9.621411334373243918e+00
9.643343296087953931e+00
9.662794365800355223e+00
9.670446700848099653e+00
9.677223105648854684e+00
9.694421367317946903e+00
9.705031881783542147e+00
9.735887276052256567e+00
9.736240254927819748e+00
9.753996160464069476e+00
9.814894133669119114e+00
9.879062963285790033e+00
9.891543666940027180e+00
9.944001201224818232e+00
