-1.719769515425901285e-01
-8.867296691860102054e-02
-3.624948602558741850e-03
2.552208271285549834e-03
3.830549660052270933e-02
7.753101176506399517e-02
1.060712921907711048e-01
1.353886102329966978e-01
1.668202693665509218e-01
2.079344484074199251e-01
2.118259119879248864e-01
2.166537085997551348e-01
2.692102622251481558e-01
3.356144298532262593e-01
3.848288125655520697e-01
4.136938006651133537e-01
4.155585720915118686e-01
4.723132335985818497e-01
5.714043821567666992e-01
5.911160417942495915e-01
5.944811139576791081e-01
6.144045111823230876e-01
6.366617670983520938e-01
6.533174666883039272e-01
7.254808264382890393e-01
7.379941134150818094e-01
8.245748077067958093e-01
8.348500219871819450e-01
8.412196404705731823e-01
8.788353715244878739e-01
8.799954447480562436e-01
9.182139822683921260e-01
1.009362453513186431e+00
1.017815870886036089e+00
1.059396435135656178e+00
1.078033030271104975e+00
1.088203376725582538e+00
1.095779534706272429e+00
1.138559410351333234e+00
1.178416470204248112e+00
1.292675255097939679e+00
1.309683506171908984e+00
1.320782869305637153e+00
1.326665166631090242e+00
1.373201968497009595e+00
1.377610366853972756e+00
1.419770241278479617e+00
1.470181557586335286e+00
1.507208370198986236e+00
1.608284848799706124e+00
1.702143498544632205e+00
1.704479203764191153e+00
1.714643737880865215e+00
1.726575999271084072e+00
1.726748764772257916e+00
1.743092394443353177e+00
1.771670237548321092e+00
1.805354207078456730e+00
1.838669721012121672e+00
1.850551286087975589e+00
1.858755080173897900e+00
1.862198980229054390e+00
1.870847946997146183e+00
1.923912659961237948e+00
1.932443001764380552e+00
1.950713940732644813e+00
1.966016816693696212e+00
2.016101460147565305e+00
2.047712962640353851e+00
2.097163350760320455e+00
2.105825590899547350e+00
2.137114133548894568e+00
2.170750226573541664e+00
2.173284880223682158e+00
2.215589036239492771e+00
2.260557980619640084e+00
2.281318664925569006e+00
2.281861382535088190e+00
2.303382742214118206e+00
2.352877357311899509e+00
2.362724920287686547e+00
2.387211655310488290e+00
2.396541588666033729e+00
2.435949974155168896e+00
2.504858105309448746e+00
2.564345076948852498e+00
2.569314567548263817e+00
2.656408836446479960e+00
2.687789808577849104e+00
2.728509547983949179e+00
2.735178858870749519e+00
2.758960255969068687e+00
2.931044663496947589e+00
2.983232915969656673e+00
3.083046993180816209e+00
3.094574909778301741e+00
3.105181662733468073e+00
3.130740107086476431e+00
3.138706479123835713e+00
3.165287752118865594e+00
3.225592573707601662e+00
3.313884631443898776e+00
3.346995812993240449e+00
3.443649473737010247e+00
3.445868239652059017e+00
3.490238318479333746e+00
3.507876755228287902e+00
3.511908754708720881e+00
3.617861456984583057e+00
3.662958656309167615e+00
3.715381973099456392e+00
3.786506748791126142e+00
3.787594958775303500e+00
3.789145779898603905e+00
3.800405861248614237e+00
3.801387436108827345e+00
3.831523728001934082e+00
3.832895151941706047e+00
3.847842995319926906e+00
3.882611667957583279e+00
3.904490798889907133e+00
3.949693413885125182e+00
3.990912106825034833e+00
4.011466560616432808e+00
4.031609193642773370e+00
4.064384910019147590e+00
4.095899487212703249e+00
4.116477706887621935e+00
4.120119266196335950e+00
4.176671203001186328e+00
4.181307327402897123e+00
4.185470852031651035e+00
4.195500074815633695e+00
4.213396071537061971e+00
4.263149429302934834e+00
4.290188763982325959e+00
4.370709858016424754e+00
4.387666552550486543e+00
4.422544394770174137e+00
4.465166872141940857e+00
4.481092915574409474e+00
4.498948498115305838e+00
4.513718096908610811e+00
4.518621030856115439e+00
4.525223242825780368e+00
4.546091231205882544e+00
4.580872403649366653e+00
4.582982474317819133e+00
4.588156615724633625e+00
4.595179693856631609e+00
4.618034751395884818e+00
4.627079604654269929e+00
4.650492280240834830e+00
4.692632348605435766e+00
4.701055791969359632e+00
4.731717140067960514e+00
4.742825878126610384e+00
4.749878787283279280e+00
4.774785777328972358e+00
4.785463632612986018e+00
4.801439899055307770e+00
4.870779698554052572e+00
4.890488695905188976e+00
4.944801010017257248e+00
5.009097126832267044e+00
5.021017015342037482e+00
5.092647804794329325e+00
5.109591549304298042e+00
5.134664608045664380e+00
5.140456966804919148e+00
5.154309448138308269e+00
5.285732375810482608e+00
5.289872103902964362e+00
5.295183660404143566e+00
5.330343433216769178e+00
5.353563022641883329e+00
5.364602105625622563e+00
5.416350570493948524e+00
5.549565386305343573e+00
5.587869234899860871e+00
5.653717909616352344e+00
5.655521473516368580e+00
5.750610867673310089e+00
5.804332326510398765e+00
5.809626385075564947e+00
5.854075288626145124e+00
5.876363015540165158e+00
5.928682316897252669e+00
5.946251603307438849e+00
6.000288908305859259e+00
6.014409333294548965e+00
6.038062100776098617e+00
6.060846379668244133e+00
6.068354469446715527e+00
6.072474841240591559e+00
6.074477950858444331e+00
6.079959563664042221e+00
6.094410815818515736e+00
6.147377192220719877e+00
6.183993963778542380e+00
6.208466068415014583e+00
6.232296244190629331e+00
6.262104584729875079e+00
6.284528966499850711e+00
6.318611281705713623e+00
6.321035602704357714e+00
6.349546184090796963e+00
6.360370722694474566e+00
6.477312863121235331e+00
6.582207224223179054e+00
6.586667274621379242e+00
6.633681037282648241e+00
6.671165039684991527e+00
6.674138558912669161e+00
6.709548612607467710e+00
6.727558474425469726e+00
6.821153013543717947e+00
6.915710435478499285e+00
6.942443451041842017e+00
6.943068915816276387e+00
6.956764000696876948e+00
7.000098896223319933e+00
7.030312461481530661e+00
7.051209032292274692e+00
7.077323263214151616e+00
7.091080435407569382e+00
7.096076591982334314e+00
7.101520079831896481e+00
7.141244990947741123e+00
7.151576891522168467e+00
7.201017841016535748e+00
7.208653836174373275e+00
7.289549591677590534e+00
7.305162094546358453e+00
7.315573436316199718e+00
7.323287841253717012e+00
7.364781307715241532e+00
7.375426850386123334e+00
7.413681108760666660e+00
7.417723296757288587e+00
7.480322499223448496e+00
7.485349007593082860e+00
7.513616810292924164e+00
7.548679995016991384e+00
7.555433148040138214e+00
7.569127493518829297e+00
7.600768257483071721e+00
7.651104951499001494e+00
7.715753135442654731e+00
7.772576674216266746e+00
7.847326251373524464e+00
7.853588969409410758e+00
7.855420107261493534e+00
7.924753705183356978e+00
7.960895844733687277e+00
7.996405731853260868e+00
8.013877251955852543e+00
8.058616146278511749e+00
8.080083600358902274e+00
8.091545729792498420e+00
8.116076327415999714e+00
8.123301137222442847e+00
8.125624491823385753e+00
8.137818899524546623e+00
8.156846869350765417e+00
8.163883148972733039e+00
8.168723596496120010e+00
8.255944623017533956e+00
8.269714239632417474e+00
8.352252794901751543e+00
8.409086106381066017e+00
8.431159044153890392e+00
8.492057929154224638e+00
8.608334067699988879e+00
8.608843743194178444e+00
8.618049119483440990e+00
8.618866261699663411e+00
8.640990804379415025e+00
8.646010563404336935e+00
8.656566211915153630e+00
8.756191506446098671e+00
8.759537473922978990e+00
8.802170668352049532e+00
8.828835011026646029e+00
8.883300345993800917e+00
8.931950989557634557e+00
8.965605370988001255e+00
9.010947990057646351e+00
9.040756195902851289e+00
9.042088326499978734e+00
9.046736805961623773e+00
9.048948334827320750e+00
9.056590112700877881e+00
9.059684705423771689e+00
9.062759484917846109e+00
9.151867013070162926e+00
9.158185378859325709e+00
9.194312268105186092e+00
9.250037771373710527e+00
9.277464035702530865e+00
9.300978920478588208e+00
9.323664977813722388e+00
9.440034002421041848e+00
9.455155102365095487e+00
9.485617220131755900e+00
9.517205785362470749e+00
9.538267873123713159e+00
9.636953432563556632e+00
9.666342194850237490e+00
9.685640720252141733e+00
9.775595808241433815e+00
9.804056093051979559e+00
9.808288702906969192e+00
9.841399069295521329e+00
9.945158319191687468e+00
