-1.991748092319299834e-01
-1.561670005418401841e-01
-9.920616870000247001e-02
-9.764105889240638769e-02
-3.706524214347189927e-02
-3.691186274183783089e-02
-2.301588456569825247e-02
5.003225822454993033e-03
1.684456062461184289e-02
2.306512424893428226e-02
3.864840283469411775e-02
4.314885910186341822e-02
8.292307301886586712e-02
1.134702569123107740e-01
1.789338095907122006e-01
2.783383347620889126e-01
2.942568566593738444e-01
4.358908023182964109e-01
4.467153473352804549e-01
4.932598464873550470e-01
5.103233116511347589e-01
5.695738455875427597e-01
5.826218705406427389e-01
6.323668587343131975e-01
6.460667625055938057e-01
6.473987951648769723e-01
6.597765793774492682e-01
6.664342486039944724e-01
6.687208682609280253e-01
6.735869142302695067e-01
7.034561811269008924e-01
7.143337520237547089e-01
7.629032678819744895e-01
7.713066191267530236e-01
7.759103269116747192e-01
8.279192752478981010e-01
8.369786899816880066e-01
8.383039212788718775e-01
8.564496920813942094e-01
8.596082817581307545e-01
8.615116845456805006e-01
8.853062873763417606e-01
9.052286639810502855e-01
9.570447444269658543e-01
9.801038122372061068e-01
1.004022239524830828e+00
1.018548765269341017e+00
1.057844797338406639e+00
1.101733553898027962e+00
1.104464541469103445e+00
1.161128437680832848e+00
1.262334735379288420e+00
1.277624134763817976e+00
1.316723281145432578e+00
1.325614467239942584e+00
1.366823025467689190e+00
1.368636121124608085e+00
1.464116970463573475e+00
1.526478405425765184e+00
1.546185461794303606e+00
1.554876625614243446e+00
1.639009632211822165e+00
1.653072355944245064e+00
1.664211757479762799e+00
1.689500619882607024e+00
1.709372092711687330e+00
1.744944924111921702e+00
1.767474797065058834e+00
2.015372391830924759e+00
2.017236306764364606e+00
2.153520400421314207e+00
2.217243335571657425e+00
2.291499651925183567e+00
2.292521785778603771e+00
2.345091029986577258e+00
2.371526984452197340e+00
2.419520020753094247e+00
2.434324531047984408e+00
2.458438590382950206e+00
2.489124177701136365e+00
2.521572399190270541e+00
2.542690658756811217e+00
2.605404579325327763e+00
2.686601827538900533e+00
2.691174656184899039e+00
2.704217885245874253e+00
2.706700779013848202e+00
2.728172655162883320e+00
2.767537803771715765e+00
2.809024970433498858e+00
2.867799032512444946e+00
2.930962956445525514e+00
2.968466740936419601e+00
2.968987646430646166e+00
2.974276605582629518e+00
3.009143769964944592e+00
3.038997748115236153e+00
3.056025605689322244e+00
3.082287062286857449e+00
3.141876904455144892e+00
3.165593644758517122e+00
3.216031697466504191e+00
3.221004608381796697e+00
3.255269701666058335e+00
3.267705257594118784e+00
3.347373638866876444e+00
3.426724489680958996e+00
3.451382764947505066e+00
3.491485857765629142e+00
3.507621597174924499e+00
3.568220395860407734e+00
3.604953192497575731e+00
3.630160148208928295e+00
3.660526560431238252e+00
3.678025545509796768e+00
3.712384021153837477e+00
3.732264945407171020e+00
3.755792346044098284e+00
3.824233411550379991e+00
3.829707243975160935e+00
3.852700030293480182e+00
3.858846232159796941e+00
3.923623013118693770e+00
3.969460648306441186e+00
4.029469933731755660e+00
4.162739561262650767e+00
4.241928420854248039e+00
4.267738013539034370e+00
4.408397172838144584e+00
4.411301895177887289e+00
4.450065774045865119e+00
4.496866197803091936e+00
4.569900508868989242e+00
4.572919807309986595e+00
4.591027523161310242e+00
4.606758199527488884e+00
4.634038585017844269e+00
4.639985047251628636e+00
4.647867939139642246e+00
4.680045184085932952e+00
4.688555520545143018e+00
4.759086084806829042e+00
4.760200545709532882e+00
4.771095217740394467e+00
4.841292326628990672e+00
4.857210753041006690e+00
4.923653393610522677e+00
4.927526384948213156e+00
4.934040257284705966e+00
4.950194365648546757e+00
4.976207589558794275e+00
5.034823049756615987e+00
5.052243974869543131e+00
5.151667632851211209e+00
5.283433283585900142e+00
5.370179821272813570e+00
5.414167385132921950e+00
5.471037681188571256e+00
5.582494466265687905e+00
5.585304464786998047e+00
5.589481132722882606e+00
5.648555910667309554e+00
5.695539685950121722e+00
5.745586007104011017e+00
5.761927316106808306e+00
5.830016767493666485e+00
5.861438534164187253e+00
5.877250515915208418e+00
5.896602563097778749e+00
5.915240015473765212e+00
5.946290179829545330e+00
5.993919335776661583e+00
6.022610086539945229e+00
6.043601676365947917e+00
6.072896837981463847e+00
6.079776519643777632e+00
6.087767509483550832e+00
6.099420540068642538e+00
6.108176283685862629e+00
6.109813603943027971e+00
6.115070756831835652e+00
6.117541531786932829e+00
6.147340819178085169e+00
6.316145066783076523e+00
6.320865715454789147e+00
6.327404093841359156e+00
6.335450307908286227e+00
6.348856082814367419e+00
6.360861239014342416e+00
6.448367000384466863e+00
6.448940712496170846e+00
6.456370759806856263e+00
6.491222378811531080e+00
6.567920156572727208e+00
6.860421302392832210e+00
6.874211587229459575e+00
6.887398553610665886e+00
7.014123426339031298e+00
7.048393399121623659e+00
7.102161986934354410e+00
7.152164775718190093e+00
7.182031367988821025e+00
7.224124516696162956e+00
7.266400016114858751e+00
7.271697501672200303e+00
7.297736399846074029e+00
7.345660190008840296e+00
7.390125470095854965e+00
7.414397461548104751e+00
7.468439038752625159e+00
7.536731324792975251e+00
7.539319683154334761e+00
7.548112104405242384e+00
7.564311596405206117e+00
7.577203886910212738e+00
7.592476959715568796e+00
7.598077220402133847e+00
7.676361783819846352e+00
7.678910067360709135e+00
7.679224930214385125e+00
7.821744438338238403e+00
7.853462539021552224e+00
7.876435900494052511e+00
7.883983521435287578e+00
7.919088775714743456e+00
7.977210497228740316e+00
7.998074720407672977e+00
8.003141930699687379e+00
8.102152901193139911e+00
8.131839386865195252e+00
8.152416066573728415e+00
8.187587243189339503e+00
8.222276317914879229e+00
8.224656313520389617e+00
8.229923295407036932e+00
8.236492475339497688e+00
8.244781508560867778e+00
8.275959924756438824e+00
8.312886800484633909e+00
8.374112759628715708e+00
8.381923601710557392e+00
8.434917111207283824e+00
8.440452404986320545e+00
8.516145793664618324e+00
8.552570845383661080e+00
8.614851202209834469e+00
8.649275623687763925e+00
8.683152146866518706e+00
8.692263890655821612e+00
8.694536579296062939e+00
8.712559792277398074e+00
8.741112442487930068e+00
8.741150642740768362e+00
8.748746783133707794e+00
8.817468727249748284e+00
8.844945323006635718e+00
8.858147563716791240e+00
8.906958524746958261e+00
8.949789689854759089e+00
8.997179107960070255e+00
9.009128761468993218e+00
9.026818158574398510e+00
9.042812487962958556e+00
9.095823931641316307e+00
9.096016153374462121e+00
9.108700153889264683e+00
9.209666790538763692e+00
9.247945469435222776e+00
9.316575629320910323e+00
9.373329062486602581e+00
9.388777951576095404e+00
9.402183515036657724e+00
9.427012677886343894e+00
9.438176916401756600e+00
9.443081760163536842e+00
9.552857892786258631e+00
9.562788834300080865e+00
9.565847429624382059e+00
9.567779979461239037e+00
9.582656806165847030e+00
9.585884436220348803e+00
9.604351682671271817e+00
9.632690389148704568e+00
9.643144606692819920e+00
9.702637717759921898e+00
9.705356436487038607e+00
9.754430535836128513e+00
9.756282691509584382e+00
9.763089988378997219e+00
9.779691047153336925e+00
9.857202192237336291e+00
9.864048275461177795e+00
