-1.795908567557438773e-01
-1.547511927855443337e-01
-1.380349049595630817e-01
-1.374126832400718312e-01
-1.278782871415807820e-01
-9.721457417651317712e-02
-2.961663854471940915e-02
-2.176719496568624290e-02
-2.032560239111297351e-02
2.084222035372823578e-02
2.759646928579942426e-02
8.185108484946973517e-02
9.504514098892180574e-02
1.380132648191293443e-01
1.582974450669167865e-01
1.683624534404771222e-01
1.798278204088740728e-01
1.856186577230848900e-01
1.996553368362217196e-01
2.215299864288197140e-01
2.307189402555475111e-01
2.372861196625875579e-01
2.788499875001023143e-01
3.534917682861704047e-01
3.540599188171003608e-01
3.976923939762384008e-01
4.038276011289248513e-01
4.050524501788568821e-01
4.077218774354230413e-01
4.655863441192472085e-01
4.702417362132377820e-01
4.734222061427726946e-01
4.819607227607953237e-01
4.953297737288854807e-01
5.388928431934005836e-01
5.874585885209275826e-01
6.104549724130947652e-01
6.858359583695428086e-01
7.073139342791026074e-01
7.169751042177308076e-01
7.488517638720353364e-01
7.522982190721112516e-01
7.577624784486376441e-01
7.910219831525748813e-01
8.076915839006744147e-01
8.752122763079783763e-01
8.822340758555555773e-01
8.985095930545383691e-01
9.059952686537389166e-01
9.495443754629442346e-01
9.787534534704351863e-01
9.972140031289891127e-01
1.010679270744505365e+00
1.057470292780477994e+00
1.097442416802686838e+00
1.151841144962106878e+00
1.174578135045252436e+00
1.180762486765982722e+00
1.202665508880398582e+00
1.253878518467450354e+00
1.273752816040878422e+00
1.322665856396416428e+00
1.371957081769535014e+00
1.410526903114586617e+00
1.458039629960494521e+00
1.480221191258726421e+00
1.506402845277475144e+00
1.558291062619118650e+00
1.577245844109439465e+00
1.582987870220592397e+00
1.675813506099745887e+00
1.747780162508348001e+00
1.797634667721389023e+00
1.831325092018009526e+00
1.857585419714506747e+00
1.859721248871647470e+00
1.871420219348117309e+00
1.897015511772558005e+00
1.930472336244436482e+00
1.948597756549927285e+00
1.971859698931025529e+00
2.017330446238552621e+00
2.023548843041562240e+00
2.109484833479317256e+00
2.113239228296256655e+00
2.156885508171574095e+00
2.252880603086279354e+00
2.262257831293944310e+00
2.298926372027899401e+00
2.311001265429419416e+00
2.420445114859294033e+00
2.469435328690598119e+00
2.487905444368432750e+00
2.598495827973523742e+00
2.615805660492040108e+00
2.623103227242775670e+00
2.627210970108085242e+00
2.652789995833122028e+00
2.791121800464733571e+00
2.798907132016113408e+00
2.837449298626836036e+00
2.840247637413084725e+00
2.883972829516868952e+00
2.904720659350289669e+00
2.914513258998396417e+00
2.941745799753621604e+00
2.963659397846014176e+00
3.016400717856708269e+00
3.016423470137563179e+00
3.056871291231852528e+00
3.066478295936326148e+00
3.090717630762449097e+00
3.214704905515362476e+00
3.218256419848011696e+00
3.244994963308370117e+00
3.254579906728286343e+00
3.354063931282105226e+00
3.370899584961781326e+00
3.413810111505657385e+00
3.424630348886474440e+00
3.444886345389921001e+00
3.451122592381729248e+00
3.480791118531049388e+00
3.510344096632731503e+00
3.623852858191964010e+00
3.727301252707493795e+00
3.737140365010231058e+00
3.783234413424418907e+00
3.809117070172263197e+00
3.889337104367153408e+00
3.913031817462066186e+00
3.928805960067692560e+00
3.961924894313384904e+00
4.036957037370692447e+00
4.074149951489129506e+00
4.144055410363013614e+00
4.159579709263700131e+00
4.162096004130128257e+00
4.172695331963503840e+00
4.200761833170117754e+00
4.203099953651464382e+00
4.214434233834175814e+00
4.220909567552400432e+00
4.299718318578914733e+00
4.303093061316692669e+00
4.316155202940144875e+00
4.336678982275741667e+00
4.373868245021773404e+00
4.400066287995783476e+00
4.417802782750516855e+00
4.454205147555564182e+00
4.495278663001571751e+00
4.518936889740260199e+00
4.524969236708913378e+00
4.538552641383377662e+00
4.549863891903179969e+00
4.563137712911668586e+00
4.581224573548722923e+00
4.681612346349623976e+00
4.695014471480516427e+00
4.761807659343658017e+00
4.798607965931062758e+00
4.838081504189856830e+00
4.848300731151497622e+00
4.973408578207504149e+00
5.009850489803207907e+00
5.015156924038988606e+00
5.025313909550214397e+00
5.052403601906688024e+00
5.086913211477411600e+00
5.094173352084609085e+00
5.171211426367430697e+00
5.186060262909471419e+00
5.212224515290874827e+00
5.218131584623453278e+00
5.274523134739649066e+00
5.316515712531848514e+00
5.362373867456964760e+00
5.422829374460535590e+00
5.454527511124691586e+00
5.458743019321512513e+00
5.496137016597409719e+00
5.503470376957393384e+00
5.564832614120142296e+00
5.573382365924838489e+00
5.588310689314235802e+00
5.601035390946088377e+00
5.632848953248193347e+00
5.706503703441607733e+00
5.739915603515555631e+00
5.769547357970876256e+00
5.785976317704369265e+00
5.908322637812503331e+00
5.922554811514025630e+00
5.929362709927274544e+00
5.973127294462479142e+00
6.003427512778643838e+00
6.037652920973467729e+00
6.161432180618792387e+00
6.176884225852252719e+00
6.258561356551886057e+00
6.272566563716775789e+00
6.300719818934710226e+00
6.308363586996146744e+00
6.343476411727670516e+00
6.408350892844046243e+00
6.438255301091118099e+00
6.465588545593780267e+00
6.469484323652503477e+00
6.481775106814890997e+00
6.513308428990423948e+00
6.555013102151927562e+00
6.594710702131779456e+00
6.647751865960179529e+00
6.709925559556521257e+00
6.733060119352207273e+00
6.734188666872263695e+00
6.860875171080147439e+00
6.868735092719467694e+00
6.876476022574196989e+00
6.888934581909182953e+00
6.995376872501052112e+00
7.010530241867275691e+00
7.027156395945986844e+00
7.063236281791787974e+00
7.069643188348037732e+00
7.119036530483495717e+00
7.248834214068575754e+00
7.338534283244677603e+00
7.384644829076144390e+00
7.419317537090630132e+00
7.429077456285595460e+00
7.467147360014090296e+00
7.471065588876591335e+00
7.504171293534609433e+00
7.507398954245842582e+00
7.508091798230740466e+00
7.521305026989829834e+00
7.618316063076336242e+00
7.678367603303834166e+00
7.716153910293913398e+00
7.720450597968998352e+00
7.722780930182601367e+00
7.746182999073142561e+00
7.853031804462321297e+00
8.013567027342743287e+00
8.062279336998027901e+00
8.100733791094246072e+00
8.109533444325551343e+00
8.111107100899415556e+00
8.119028884866212437e+00
8.142639136978877090e+00
8.182431886590396886e+00
8.221861036017500624e+00
8.248448518634340587e+00
8.263303018009050760e+00
8.281841224508992738e+00
8.287250190043543796e+00
8.362133641306288112e+00
8.429445668324508034e+00
8.487096824796310557e+00
8.488302201854251550e+00
8.499584121194056152e+00
8.534024828375180505e+00
8.550135216856578069e+00
8.551209701499024263e+00
8.632488888609774591e+00
8.670326182060874132e+00
8.701732758685496449e+00
8.726798333383241513e+00
8.728884391369783557e+00
8.747616346135002274e+00
8.799150330599580627e+00
8.808958261163812864e+00
8.823899225953590886e+00
8.847330777227199405e+00
8.857026838450829942e+00
8.892509294853519819e+00
8.913622498188868093e+00
8.976928970599457713e+00
9.060289913057770761e+00
9.077554989916809092e+00
9.106876341784213125e+00
9.123029441039287590e+00
9.135660490825385338e+00
9.146885798727822703e+00
9.159324445593709285e+00
9.183326962861437792e+00
9.295943987601669178e+00
9.356933493111975864e+00
9.370355202333959355e+00
9.404182827221399421e+00
9.436924714592874963e+00
9.457667492517723318e+00
9.535102961324524173e+00
9.658784299026191178e+00
9.674257661170752698e+00
9.701194529015142010e+00
9.704871607019201818e+00
9.716821718321453361e+00
9.733745596609177042e+00
9.799355869118164364e+00
9.823569114591036211e+00
9.823968212218346707e+00
9.840216115515643125e+00
9.883746965444295540e+00
9.892043135680919974e+00
9.908109580001321248e+00
9.913908644395831971e+00
