-1.742518364156482591e-01
-1.717974202397492267e-01
-1.555311881916658923e-01
-1.521779134722065496e-01
-1.254361565829640868e-01
-8.626104394083886073e-02
-6.300250054488659712e-02
-5.575593930742220317e-02
-3.063764570452665037e-02
-1.155725193189899302e-02
1.446794889737926249e-02
4.878963724003163027e-02
5.541173501431334580e-02
5.697432486893144743e-02
1.065812368113526198e-01
1.103404718864738343e-01
1.231594738703131742e-01
1.635403364183111163e-01
1.781077500754715270e-01
2.102083027711699192e-01
2.188158383725851142e-01
2.434992299053388431e-01
3.202994572016925612e-01
3.341875632303614174e-01
3.491754864468377684e-01
3.755035972946127454e-01
4.310448074433760879e-01
4.376536809865159694e-01
4.389666532134484656e-01
6.221483685934494634e-01
6.360744651899354896e-01
6.701066941484048467e-01
6.890453275103178843e-01
7.336130102257971686e-01
7.421448316177003957e-01
7.789210652337303920e-01
7.800868332179160536e-01
7.876508638439012611e-01
8.453262814006996528e-01
8.547414031768676423e-01
9.008522050598484210e-01
9.096810236036014796e-01
9.421492908537505429e-01
9.956115588761256241e-01
1.055319096567861159e+00
1.132730513802540973e+00
1.133241365768470343e+00
1.144874686976713685e+00
1.146395128575139921e+00
1.183908647715345985e+00
1.216144437481292861e+00
1.234623455492622091e+00
1.242667664626118551e+00
1.277498139165839319e+00
1.283401459486126273e+00
1.342444799795565968e+00
1.378467242546139060e+00
1.388246020092923860e+00
1.429490854159280344e+00
1.440702829622460657e+00
1.460094226768768211e+00
1.470686502321003619e+00
1.483884819225519180e+00
1.525977198180759054e+00
1.563412482453564234e+00
1.571971072921189316e+00
1.702656411210482057e+00
1.729631794511340193e+00
1.808910996680950012e+00
1.816884869363364130e+00
1.823169527938415468e+00
1.824484679838217049e+00
1.865147116686831863e+00
1.890319537000727079e+00
1.939978513897252066e+00
1.964410631888068748e+00
2.003435496682458350e+00
2.065011670720175996e+00
2.076810474565397691e+00
2.108519083368013636e+00
2.120380120433894788e+00
2.140238176804471593e+00
2.145718034760021986e+00
2.163456933269510607e+00
2.167973713451593287e+00
2.208097079666628826e+00
2.240432940411477336e+00
2.323924169842034537e+00
2.324940277064651006e+00
2.373099738719696372e+00
2.386747969416141313e+00
2.434873237517416023e+00
2.473322935160615188e+00
2.481099247898605142e+00
2.492667726677549211e+00
2.508262724722997827e+00
2.513565760016638340e+00
2.535935207799184798e+00
2.552666694616818610e+00
2.559874987365305277e+00
2.578404588045671186e+00
2.614195467525084471e+00
2.631991872422822176e+00
2.660057017213579567e+00
2.675989529627664787e+00
2.709855504771873758e+00
2.737127566579989679e+00
2.763705953947350302e+00
2.820494846672949141e+00
2.841384516358537393e+00
2.898767285403438976e+00
2.908268343057816896e+00
2.978103439177827383e+00
3.014371769274436730e+00
3.035344930492337223e+00
3.082017820840595945e+00
3.097026307350349672e+00
3.154338101324815291e+00
3.194104430834323605e+00
3.198960001337314729e+00
3.259894718867988761e+00
3.286349844408936960e+00
3.289353789438186570e+00
3.345924290737885443e+00
3.363034360143145829e+00
3.372473815489785309e+00
3.508180668608169572e+00
3.574386738846989431e+00
3.579558756320644353e+00
3.581650837790893771e+00
3.616300877467510499e+00
3.654949004649597821e+00
3.678559594182635006e+00
3.688031190273313609e+00
3.716561507369230632e+00
3.738095275462840483e+00
3.762058840624000755e+00
3.774129736883446107e+00
3.776173838153669138e+00
3.790399869583585879e+00
3.794542358284307415e+00
3.874354424438612554e+00
3.875683210320890026e+00
3.911180342731279680e+00
3.934151656562042021e+00
3.971311213091473391e+00
4.158406349982493921e+00
4.164979448700840692e+00
4.175592778588930187e+00
4.180083885970978130e+00
4.204210517575267758e+00
4.241867458005706304e+00
4.254654806892348873e+00
4.269817785120562981e+00
4.271520345612151992e+00
4.278638214503918569e+00
4.290101886467851955e+00
4.304910390159337297e+00
4.343287839251845028e+00
4.353437399487344095e+00
4.391969672922393819e+00
4.404295957837661923e+00
4.406638640791662453e+00
4.428153272974450161e+00
4.448320938746427977e+00
4.479058368438948001e+00
4.529990824180027964e+00
4.579921423776626810e+00
4.583796066480639197e+00
4.588666334349425391e+00
4.681182232547334010e+00
4.719144965984214402e+00
4.752647043460408227e+00
4.779445034921605995e+00
4.794156236237216540e+00
4.804372649232941939e+00
4.807734784167869257e+00
4.870141045797206303e+00
4.872299350899078618e+00
4.880747573644431903e+00
4.901060994294547335e+00
4.918905353806843905e+00
4.989218142019552715e+00
5.013181148586439484e+00
5.110913465002433043e+00
5.113691532248061833e+00
5.149401737997601813e+00
5.157093881439727134e+00
5.182772400897760257e+00
5.311044041743054223e+00
5.402712643584131946e+00
5.464085192349946496e+00
5.740730171694297113e+00
5.743972142076657406e+00
5.785921942289443898e+00
5.802728587663594340e+00
5.814312329056447126e+00
5.834329234102512807e+00
5.906365012048716778e+00
5.908000076575173232e+00
5.961161238224161885e+00
6.000837101752861891e+00
6.052527579177731099e+00
6.064351468271974355e+00
6.108762012162638477e+00
6.198533747443904396e+00
6.201174411569262190e+00
6.263220440308704617e+00
6.278165619736277847e+00
6.291515716774484623e+00
6.345196405389798677e+00
6.378069824760404849e+00
6.385885930636334251e+00
6.455953261105397800e+00
6.555922776689100395e+00
6.582961722064413657e+00
6.595366920024219759e+00
6.733731623763881124e+00
6.846511301055403287e+00
6.847912306920134640e+00
6.863672588757570026e+00
6.867646061501150534e+00
6.910325848277142136e+00
6.956420909935959962e+00
6.959802839074534120e+00
6.977407125144263311e+00
7.039356422136290981e+00
7.061785727673491664e+00
7.064726475625893620e+00
7.127379398992869319e+00
7.191613945891038640e+00
7.278205842275315973e+00
7.336801551357124751e+00
7.432354666752662986e+00
7.454823037555744492e+00
7.474109867223366344e+00
7.505366188095198510e+00
7.575512696182824079e+00
7.742412569262313582e+00
7.813183495288257951e+00
7.842668563244250102e+00
7.847094484921329105e+00
7.906444729147366068e+00
7.917285494655586398e+00
7.953663261723701972e+00
8.017243615372906973e+00
8.042030330118871362e+00
8.064383286358824066e+00
8.087065094822738942e+00
8.130247915718383567e+00
8.149413362765674407e+00
8.176131574640033151e+00
8.189363108508446842e+00
8.255351817286154414e+00
8.273040294705074515e+00
8.297626425330880906e+00
8.306536591120398327e+00
8.336371850796579608e+00
8.352553312897704529e+00
8.399341051040762451e+00
8.434348429713143247e+00
8.488739247195880466e+00
8.509888198533442250e+00
8.539286873007187140e+00
8.583011257590984044e+00
8.591299943408651885e+00
8.599072911310843281e+00
8.634236983852824565e+00
8.663399715204494811e+00
8.681752057553611124e+00
8.702096293288022366e+00
8.706567891400522896e+00
8.829754996703540471e+00
8.873847858228856467e+00
8.898969032683167413e+00
8.985708860226093719e+00
9.019986683331607580e+00
9.075564964108147947e+00
9.077182628288579025e+00
9.105524166012214593e+00
9.191691794695101336e+00
9.194213357262681185e+00
9.206652562161655950e+00
9.293698775298247838e+00
9.323453407580256425e+00
9.474979319206129347e+00
9.498400775377460192e+00
9.507454452430067704e+00
9.522221869745548517e+00
9.524197919534415746e+00
9.533935280044051552e+00
9.552167860806594746e+00
9.601623352922565857e+00
9.642735130964274148e+00
9.674379108692271245e+00
9.717014317287505420e+00
9.725859780719700254e+00
9.740982614571624509e+00
9.802596260523984029e+00
9.815588576241653485e+00
9.830083490242870425e+00
9.853515008414090559e+00
9.864746401570807066e+00
9.870945975045479770e+00
9.881472620807580043e+00
9.902269121494924775e+00
9.905101406297651678e+00
9.910323541455600349e+00
9.931831307299395561e+00
9.966247842042934124e+00
