-1.739952816135076907e-01
-1.630276728317463231e-01
-1.629065787404327947e-01
-1.227909045877310507e-01
-9.954944104742492750e-02
-9.015368374862253731e-02
-5.286060576496737218e-02
8.345153841701563602e-02
1.103676434974786291e-01
1.341584779224021529e-01
1.877247652681243162e-01
1.940845707141526377e-01
3.413162903453404451e-01
3.506162728018966113e-01
4.007057770174396460e-01
4.049136131656225213e-01
4.576269125099568513e-01
4.850418319018495183e-01
5.076432062684608226e-01
5.758214765472815522e-01
5.837596454037028426e-01
5.949694623529890869e-01
6.111667501146011983e-01
6.635649299191035411e-01
6.715573767428728580e-01
6.928413810345590562e-01
7.068302823296948034e-01
7.103191609217198721e-01
7.223536032438804266e-01
7.814732784757674189e-01
8.041872997113743704e-01
8.382765464143238088e-01
8.472128565734025063e-01
8.796757826279160142e-01
8.800921714552738528e-01
8.934893280364015755e-01
9.102249251446237199e-01
1.001144555101488143e+00
1.011742113061870896e+00
1.048589351093934363e+00
1.061802332295815221e+00
1.137619063728914304e+00
1.140224654503112500e+00
1.270679472021885914e+00
1.326861712900028190e+00
1.401444722027077372e+00
1.448200505956105610e+00
1.453992299156868340e+00
1.480241040361339078e+00
1.484987777616154414e+00
1.526912177013196148e+00
1.539254034222937273e+00
1.581628372723293374e+00
1.598970245017274250e+00
1.622409728870157553e+00
1.635288567991531661e+00
1.640213930672776543e+00
1.640431854601140049e+00
1.743801973783961401e+00
1.805113326283778852e+00
1.852766474783122286e+00
1.873704604837414633e+00
1.946722252170872691e+00
1.974266023581682683e+00
2.003983415312726724e+00
2.081398377985562931e+00
2.175295433901765829e+00
2.181883037386146640e+00
2.196318512814708246e+00
2.251611180550432412e+00
2.286604125966056333e+00
2.319141260749248978e+00
2.384797653507260584e+00
2.416566126716166441e+00
2.505866254364391477e+00
2.521409154735638314e+00
2.524471529588419472e+00
2.563905330516924153e+00
2.574143178931996623e+00
2.656251933368589224e+00
2.666715185668445454e+00
2.717280416900226037e+00
2.757048745217982599e+00
2.792346183835459072e+00
2.797487565152403377e+00
2.861049563981713728e+00
2.913733414674389177e+00
2.914035365716718395e+00
2.915689218259780002e+00
2.944945090156949608e+00
2.949643573428468279e+00
2.973482495295589167e+00
3.002541490562652182e+00
3.061260349925162494e+00
3.083387687482516792e+00
3.097185213912561963e+00
3.098329819380960526e+00
3.127603366986307698e+00
3.208544194761763890e+00
3.211157051957102659e+00
3.270365270990540640e+00
3.276727532655796526e+00
3.409174406908861865e+00
3.533854174813074955e+00
3.548494494902445062e+00
3.552234602539069197e+00
3.574645695990266159e+00
3.600790080665025261e+00
3.635712266179763841e+00
3.639985641386903392e+00
3.669726672211009344e+00
3.673034360467862580e+00
3.707273716841127165e+00
3.716596916756232716e+00
3.763564319424977711e+00
3.916167289948172758e+00
3.919339437445692020e+00
3.940349518342009638e+00
3.978699277615109331e+00
3.984606632486407563e+00
3.995250263695948156e+00
4.013404336958219076e+00
4.013937455574942526e+00
4.104253532744147392e+00
4.110337087430143477e+00
4.115354533070354925e+00
4.156447983028330739e+00
4.173017616555946496e+00
4.184690223535350917e+00
4.189148246289596145e+00
4.195855266998758992e+00
4.274152376023242716e+00
4.282459038304217813e+00
4.304410951467307456e+00
4.312684557275973773e+00
4.315664968239035559e+00
4.325675964851805055e+00
4.364293280113329843e+00
4.460471325876173232e+00
4.464607836933271123e+00
4.513731108480490306e+00
4.520543020101883691e+00
4.550250458373193752e+00
4.574393780394515829e+00
4.627934182582469802e+00
4.650179963795854299e+00
4.659579595532900242e+00
4.666771894165775869e+00
4.672365047344641198e+00
4.732071985240983381e+00
4.768420974203800178e+00
4.822449097450686395e+00
4.990452206801190727e+00
4.991490145101318276e+00
4.995646681634484665e+00
5.019182277419649729e+00
5.034938069213738210e+00
5.040783004654178612e+00
5.057886525987770554e+00
5.120369067886910486e+00
5.184803394244670294e+00
5.185846209127149997e+00
5.196285602917854796e+00
5.213556752889648926e+00
5.217779695610128776e+00
5.226564745183175376e+00
5.262417485208615631e+00
5.329265944105522124e+00
5.377405304479360382e+00
5.477635592463624192e+00
5.537390715594375123e+00
5.553131278172870999e+00
5.623172171233090211e+00
5.698796918399300360e+00
5.700566855863121951e+00
5.743326318072120351e+00
5.790089808775567448e+00
5.796565281325287700e+00
5.797359327795487793e+00
5.835921281535519256e+00
5.837310792755943112e+00
5.849259460187895776e+00
5.852204723776586626e+00
5.986287991408105746e+00
6.003380353661535551e+00
6.030833060006353996e+00
6.076780185476966523e+00
6.133968733278961416e+00
6.148119017116544072e+00
6.153146085102000562e+00
6.154740003586800512e+00
6.166566296220458376e+00
6.169259899762444377e+00
6.233108939060772791e+00
6.243301194833757783e+00
6.298469077981362574e+00
6.358763455264891284e+00
6.400377534702919036e+00
6.446447529655389808e+00
6.458296632102614510e+00
6.470601674450440655e+00
6.510898787671484556e+00
6.553862250825239322e+00
6.582201698915699062e+00
6.636595804665036624e+00
6.681198518728162838e+00
6.746231577173126048e+00
6.758494591803911433e+00
6.760291037049425356e+00
6.802494780101399741e+00
6.820409484905151309e+00
6.834882061324674574e+00
6.836035212259492511e+00
6.850008904961093492e+00
6.865933040658056541e+00
6.899848924145742579e+00
6.938257280807635041e+00
6.955628875279288970e+00
6.963467874396951807e+00
7.072571402487551673e+00
7.072596317321527160e+00
7.185366261578090885e+00
7.187163974592020388e+00
7.215951485822905020e+00
7.225205914707844457e+00
7.225348862163310848e+00
7.251290975288185336e+00
7.340761766800468990e+00
7.392726625163864362e+00
7.406665786316355415e+00
7.432738551228873725e+00
7.526655099800828808e+00
7.554814622346938791e+00
7.560859495439808953e+00
7.566576865892298720e+00
7.586264989176427775e+00
7.647013410083596696e+00
7.710384245111105983e+00
7.735659006910347024e+00
7.804080522829209166e+00
7.829959992185078654e+00
7.840705975939409988e+00
7.848047334520733109e+00
7.956910487124789988e+00
7.971336039238447135e+00
8.004578907252199116e+00
8.027943302558297134e+00
8.063568787425609230e+00
8.077037371248854569e+00
8.090718009093004426e+00
8.170005219066625912e+00
8.185923112232620369e+00
8.259010468371313252e+00
8.301979039982441577e+00
8.374779196023162342e+00
8.376656935832752282e+00
8.382096857466425632e+00
8.403622987119351961e+00
8.463165023722996949e+00
8.470049183651305214e+00
8.505610254218959554e+00
8.564446796327644051e+00
8.662522977966130355e+00
8.679506150509414653e+00
8.752581317221441282e+00
8.779626993113588185e+00
8.790280458442058631e+00
8.797657803277557420e+00
8.977672075515727101e+00
8.992686083168189626e+00
9.011238852210706085e+00
9.023172871540491968e+00
9.153021193981965453e+00
9.215100288752028135e+00
9.251887509915366792e+00
9.255685522956870415e+00
9.255699276227501215e+00
9.270109475063534887e+00
9.285794635054783086e+00
9.353474644314626829e+00
9.378219339341361760e+00
9.386718102779237682e+00
9.505878706546466717e+00
9.507245067036489417e+00
9.517585231412510893e+00
9.518000385324677737e+00
9.565761200636679007e+00
9.568776513847877752e+00
9.573018026882643028e+00
9.673984347489401614e+00
9.754427933727365385e+00
9.757848503319163314e+00
9.806082459729285716e+00
9.854117284183935510e+00
9.951664384056567059e+00
