-1.434247432521090770e-01
-9.576853233963440737e-02
-7.349341416066673682e-02
1.262606557833292897e-02
3.800753402699461048e-02
5.241414784098691326e-02
9.076839506907202759e-02
1.446180404602744884e-01
1.577382477574704178e-01
2.780615012024709176e-01
2.860926537227523880e-01
3.145771105416382274e-01
3.168939859227938860e-01
3.384109978402454755e-01
3.572623298155152560e-01
3.596068883976722419e-01
4.414513772210165166e-01
4.704619532505251445e-01
5.028451320322711027e-01
5.243319428313237829e-01
5.309508776451505874e-01
5.630521508613994808e-01
5.697152659208244430e-01
5.769504255689952288e-01
6.708467376290996320e-01
6.710544769529060982e-01
7.455281612448598771e-01
7.616171125739248371e-01
7.673369463543253666e-01
7.926902333366681042e-01
8.194227136972938030e-01
8.425811826602374044e-01
9.530170374247286524e-01
9.730566244309968305e-01
9.771248907212262136e-01
9.790383555504447166e-01
9.851737650672431901e-01
9.865298782822027324e-01
9.951995982563328624e-01
1.000232436135215508e+00
1.025374952406453044e+00
1.062040386652495894e+00
1.063740809053408176e+00
1.066513732558307614e+00
1.152288735663537622e+00
1.155507264877777329e+00
1.165746124101726844e+00
1.176238057605397458e+00
1.197931059582049595e+00
1.211210022218400573e+00
1.263478031879384789e+00
1.318580004292224217e+00
1.318704743701357707e+00
1.327475969028886649e+00
1.349215511859412242e+00
1.360495034962759808e+00
1.417878459545379055e+00
1.421888770240041122e+00
1.431164042335629105e+00
1.446139460858981485e+00
1.567361513124320149e+00
1.580153549087081721e+00
1.600315558095339208e+00
1.633862151927198525e+00
1.654711789037335290e+00
1.700502314427150496e+00
1.700638447964528011e+00
1.702224403050820900e+00
1.829895564783611706e+00
1.860106994174814288e+00
1.873676291485750545e+00
1.877936714159237352e+00
1.954616056069223839e+00
1.966512766411019575e+00
2.097678565131460893e+00
2.139734548360505695e+00
2.210960655648916529e+00
2.242842740959673176e+00
2.314506499104492576e+00
2.328430219805562640e+00
2.413568913427987184e+00
2.454445401710885211e+00
2.521840854023511547e+00
2.555091863636700822e+00
2.620097208509998499e+00
2.632931887673751081e+00
2.666972647308642586e+00
2.674888443486408640e+00
2.681891460701641083e+00
2.691275579497001580e+00
2.708046889617165665e+00
2.747561618498378433e+00
2.762551852339637737e+00
2.796633617526957050e+00
2.820292706616758238e+00
2.851956762630823317e+00
2.891053905845257788e+00
2.901038563752741606e+00
2.911423995486752236e+00
2.950151564793113135e+00
2.966380146142792107e+00
2.973259636825488439e+00
2.981714632645819485e+00
3.118549567136395417e+00
3.178594030126922654e+00
3.216961909192764590e+00
3.223200222569385431e+00
3.257299698057580795e+00
3.277148303559078268e+00
3.304927268543155883e+00
3.325250576541173508e+00
3.357451887833615700e+00
3.445103403942257447e+00
3.453011620468513954e+00
3.458495302927862447e+00
3.473696841615141473e+00
3.510252876469945438e+00
3.546800395325967692e+00
3.564570903959612291e+00
3.568082815058924329e+00
3.580227139008566706e+00
3.599497035035172487e+00
3.665066729723754246e+00
3.763596175486174200e+00
3.783983752385045030e+00
3.789707291903301023e+00
3.805099076003576997e+00
3.943140126839209003e+00
3.982979514004250987e+00
4.009234683533675181e+00
4.038445154970673023e+00
4.072281578562794380e+00
4.112829921606211414e+00
4.124684777166397254e+00
4.126402011653149238e+00
4.126644903475012782e+00
4.137146509130633198e+00
4.140490937428966234e+00
4.181324876797383183e+00
4.192922467712263845e+00
4.227705697002311247e+00
4.251922090750078986e+00
4.296721075254216871e+00
4.347147425365001538e+00
4.370012891670455701e+00
4.380769027163267104e+00
4.456023279323634512e+00
4.478885219772497983e+00
4.493774993730470513e+00
4.507171632212108925e+00
4.533846726330981625e+00
4.536115954970888708e+00
4.554057212985487268e+00
4.555453107242147581e+00
4.558421269650597019e+00
4.563217119777477571e+00
4.592279173731947495e+00
4.641821702372944891e+00
4.662604828245227040e+00
4.700250444755363688e+00
4.711598234080724978e+00
4.732449146530259831e+00
4.749747343109420150e+00
4.803245903607988865e+00
4.843298951280341491e+00
4.873379461794275613e+00
4.910265298938539580e+00
4.939920942496267564e+00
4.948875273271616138e+00
4.986525023670399293e+00
4.989797085455016656e+00
5.045635604224016468e+00
5.054853885091626253e+00
5.074616443207407457e+00
5.140272830932216763e+00
5.164576222147209350e+00
5.220344910686111284e+00
5.227645119931255913e+00
5.335861661584015536e+00
5.340675807569287059e+00
5.372185758857402682e+00
5.436080387183496399e+00
5.537861033017594359e+00
5.573900990770332520e+00
5.647410430076559962e+00
5.707822581388168004e+00
5.838472793447330389e+00
5.853928121577290256e+00
5.868571605615642284e+00
5.903385485245092212e+00
5.904474797282177612e+00
5.928324377852153049e+00
6.009492049127169722e+00
6.064483509005995643e+00
6.094377443193550015e+00
6.124072104338571521e+00
6.144151570879791358e+00
6.156598974584489348e+00
6.194557512428668922e+00
6.203701365450353222e+00
6.212475188847432328e+00
6.233915950486841773e+00
6.247957077988961494e+00
6.271041008087724578e+00
6.291917051692800023e+00
6.376449763950298610e+00
6.463140880073330763e+00
6.488493476533121473e+00
6.495140169734964886e+00
6.577509588203915847e+00
6.646878990367762974e+00
6.664476429850402894e+00
6.721468206366609799e+00
6.754331416860167359e+00
6.773416631806487231e+00
6.800575691472580786e+00
6.814228183411418449e+00
6.861327848714990019e+00
6.929640103067277401e+00
6.996971841892465349e+00
7.021104379378318328e+00
7.028705180442023526e+00
7.086379448315836882e+00
7.104849776336847889e+00
7.125275479439283188e+00
7.133640792928393815e+00
7.195299322458549973e+00
7.215739076944525543e+00
7.283315252241752802e+00
7.347448250114262613e+00
7.354129356819986363e+00
7.399080985133918986e+00
7.403875337171953674e+00
7.412196548705128230e+00
7.443585715932826474e+00
7.511669634660485428e+00
7.569577608652600098e+00
7.643035645173728909e+00
7.686280388163368116e+00
7.738411106917123305e+00
7.775745037851968355e+00
7.777635118159323291e+00
7.933195264464797170e+00
7.957193421453097493e+00
8.010413273125534417e+00
8.019407444808674512e+00
8.153992024418339923e+00
8.182851960727131058e+00
8.199124425733252508e+00
8.274882726819607015e+00
8.425582894565250669e+00
8.429952599832294169e+00
8.447277666259235929e+00
8.468277846922847019e+00
8.509873658176109856e+00
8.537253224278288144e+00
8.539632045445401332e+00
8.547495983558620836e+00
8.581696522762431556e+00
8.589173832647681195e+00
8.610407353106939610e+00
8.656584492283444732e+00
8.677450114508630463e+00
8.769163687940404017e+00
8.814113057715522004e+00
8.894949065424176737e+00
8.928508863665779671e+00
8.938564398298687763e+00
8.946269836506090201e+00
9.016125100679651894e+00
9.211043618899358520e+00
9.262914309514215461e+00
9.264556486874033325e+00
9.343401905463709411e+00
9.354295506335871480e+00
9.411027691224948200e+00
9.461397779488841309e+00
9.466361434011664855e+00
9.488368514495457262e+00
9.511725230122781483e+00
9.555460745670064426e+00
9.639750212221894543e+00
9.661745083948900970e+00
9.679852487822392604e+00
9.709408485007429590e+00
9.741622280451844418e+00
9.747801296069974697e+00
9.768554176171827308e+00
9.815216522636349694e+00
9.836137398822600630e+00
9.852036670254330275e+00
9.936780461570025480e+00
