-1.811228562958570598e-01
-5.074003634090995529e-02
-2.360575461436581479e-02
-5.025230963541099660e-03
3.145582755283901633e-02
5.363377551785108999e-02
5.714054840183424577e-02
1.031287603800808972e-01
2.034021002759560659e-01
2.053761023817983755e-01
3.036960021316877367e-01
3.215481667284659228e-01
3.410092709484517370e-01
3.441893440418874461e-01
3.633735264532582110e-01
3.812603198711527752e-01
4.161058565638356410e-01
4.270861463159426052e-01
4.980255059107625004e-01
5.160832700440420862e-01
5.295479225005887969e-01
5.878734950232642475e-01
6.126025925460176769e-01
6.798729531741294352e-01
6.913305289371660667e-01
7.501629580947657416e-01
7.517350081747715684e-01
7.754997636901006519e-01
8.542122887936265396e-01
8.636146574004397447e-01
9.150342399941628901e-01
9.190032710930340354e-01
9.314179447184882665e-01
9.331608723814481809e-01
1.031448252411059752e+00
1.049423782802466842e+00
1.049503117618173276e+00
1.058983030297142358e+00
1.103209308127842236e+00
1.128296027167405180e+00
1.173574424538236238e+00
1.221819107947207383e+00
1.227456680020140967e+00
1.258103955549778163e+00
1.276923286386866474e+00
1.283770872296907228e+00
1.368190095387480376e+00
1.399599894151104751e+00
1.421548720186139425e+00
1.421639317381300893e+00
1.431305584028161215e+00
1.440487414483024198e+00
1.456828466141472322e+00
1.466791649860459401e+00
1.503417596301954040e+00
1.507768181743588398e+00
1.531968367334661130e+00
1.552639318137129187e+00
1.592643357274168503e+00
1.593439577112198524e+00
1.614972375657413695e+00
1.620236208382368037e+00
1.690582101940668602e+00
1.713018645424009279e+00
1.727410009284616299e+00
1.765886931181497754e+00
1.833952371816376159e+00
1.850292226589912437e+00
1.882262223964595860e+00
1.903108691037448397e+00
1.915095352203783685e+00
1.932397646354892862e+00
2.056433949413913886e+00
2.073941337570500032e+00
2.126052271399346161e+00
2.162717321463068387e+00
2.222853204021848050e+00
2.266060473017671661e+00
2.283752356491858482e+00
2.316772565513898208e+00
2.321345262161532919e+00
2.331205721601519176e+00
2.331881717455610126e+00
2.351276566681104185e+00
2.388218899045586152e+00
2.405496634887023699e+00
2.418018492784488327e+00
2.424385241405578206e+00
2.474002544898723954e+00
2.488663572144197200e+00
2.574877440811552010e+00
2.577998336047974348e+00
2.672360586074771671e+00
2.791912548550838924e+00
2.862848714027670383e+00
2.902599030666805469e+00
2.904896636861666437e+00
2.923033433344607968e+00
2.956159811284150507e+00
3.013284557691508159e+00
3.065044356987199237e+00
3.181368624843745607e+00
3.187123420685159303e+00
3.292083171909645056e+00
3.295223709282763647e+00
3.316945104302314373e+00
3.323875970336934049e+00
3.326274396223509733e+00
3.330013064709653303e+00
3.428237444229328634e+00
3.544673929371311427e+00
3.574965441448517467e+00
3.666616949368436629e+00
3.694316599065660345e+00
3.709225162859405067e+00
3.709486512441311667e+00
3.726936624113319940e+00
3.736627446312041911e+00
3.805608863179846146e+00
3.810199749252391577e+00
3.859643980432046817e+00
3.859758560632393198e+00
3.886666452256660520e+00
3.918485039196808906e+00
3.953514725736776647e+00
4.042399608100388342e+00
4.068837122981451060e+00
4.129565383129045308e+00
4.133172793657752031e+00
4.137268882945448922e+00
4.211389049991094424e+00
4.223600689292915433e+00
4.245445289069854411e+00
4.251165869436405842e+00
4.284990414927463576e+00
4.349179978190862883e+00
4.364834188392131331e+00
4.372640164061369461e+00
4.400454110514623984e+00
4.401495387048352192e+00
4.417644522762716797e+00
4.477020766065564317e+00
4.486202683785739609e+00
4.496701244109094553e+00
4.518793252306987362e+00
4.522856625908017847e+00
4.527886629292352083e+00
4.563200647863778769e+00
4.577308737351150292e+00
4.614890753050632455e+00
4.639396423895212784e+00
4.641480469042294388e+00
4.678093817912597707e+00
4.721024737296587226e+00
4.747494020730314013e+00
4.779281205929391874e+00
4.821225224072450466e+00
4.879834348621886697e+00
4.907633102189332241e+00
4.941658148474386891e+00
4.961981097195797830e+00
4.967561099593352125e+00
4.992006814581598562e+00
5.012913411914823314e+00
5.018098558686599375e+00
5.041574999650366706e+00
5.096044315098644972e+00
5.110506159671936111e+00
5.149447803943161261e+00
5.180252459762639816e+00
5.201051203338495910e+00
5.205908307851749406e+00
5.210896780728633715e+00
5.217464809046063579e+00
5.218031798907157182e+00
5.336296216223231248e+00
5.345638671578496925e+00
5.349128365710607014e+00
5.364762231423599204e+00
5.474063295773825999e+00
5.588051068450130998e+00
5.608377524104134260e+00
5.609163234000683396e+00
5.652505058134328131e+00
5.716559512906970397e+00
5.731269272100022683e+00
5.744319507636183708e+00
5.749168195479209764e+00
5.828094107614536945e+00
5.829296287678494615e+00
5.966590208902473158e+00
5.991087747188968748e+00
5.992836689451356946e+00
6.022982523362148122e+00
6.117841942569216762e+00
6.169247218371396002e+00
6.199993146426896473e+00
6.206081843797872644e+00
6.211023540090950590e+00
6.238402005110750714e+00
6.264330205133919804e+00
6.297962673302099468e+00
6.310392698648573884e+00
6.339661533692165563e+00
6.388222451099094812e+00
6.493296263108145006e+00
6.533591365523334638e+00
6.559156489383211053e+00
6.601545396600400295e+00
6.635838969260745124e+00
6.681967727209477736e+00
6.729623930571268176e+00
6.757059522640751048e+00
6.780890554454736652e+00
6.859088994958583818e+00
6.877780299350405357e+00
6.899684553750009997e+00
6.947114413472525563e+00
6.989314419356452923e+00
7.006527932453068708e+00
7.010982311941943657e+00
7.015594347718685064e+00
7.175989353020452377e+00
7.179936103344541465e+00
7.199179327085500901e+00
7.218289390449327492e+00
7.231034715716785577e+00
7.264086699359618038e+00
7.285124090243200179e+00
7.285386819836638495e+00
7.302702795975329231e+00
7.329824529154845614e+00
7.399912401678715668e+00
7.404366846486879261e+00
7.422656135311279435e+00
7.473702702170929690e+00
7.566354436996780564e+00
7.594506000582723182e+00
7.627730710600501673e+00
7.689569548037470170e+00
7.704688099802216250e+00
7.719080510342412715e+00
7.945562009888546662e+00
7.945606270706675467e+00
7.947685700812518128e+00
8.059436005782034229e+00
8.118272760003572230e+00
8.211243752928089279e+00
8.216209085369170495e+00
8.228621501485635648e+00
8.246477049348301946e+00
8.315957787942680923e+00
8.350272665919687753e+00
8.368551608663334918e+00
8.401210157012201307e+00
8.440548618241903611e+00
8.488215924890520014e+00
8.509630544888540982e+00
8.514562217903867136e+00
8.523772454360720729e+00
8.540112041760105299e+00
8.560580978749786851e+00
8.565572966846859870e+00
8.572310478975801118e+00
8.587876560556885863e+00
8.669911142775388768e+00
8.779583736187989373e+00
8.780938702001408913e+00
8.819033527842005782e+00
8.860415528048598333e+00
8.882037126014200368e+00
8.932435982497406002e+00
8.948776946961432444e+00
8.979197269121492297e+00
9.046783471754128669e+00
9.227951234408791947e+00
9.243857757296133570e+00
9.298415534507633140e+00
9.306476384092876586e+00
9.324932869221470355e+00
9.380575126556010446e+00
9.403722761823507525e+00
9.409328313704051538e+00
9.448793284531539882e+00
9.467865556521148918e+00
9.520777947821473575e+00
9.551707481952522727e+00
9.571773717365456235e+00
9.647088591522443579e+00
9.653135013285103483e+00
9.655227153253115091e+00
9.655843769228892981e+00
9.676054386436891974e+00
9.709627696052500312e+00
9.771840643712062402e+00
9.780458337034982463e+00
9.790733070955951689e+00
9.958058739247599433e+00
9.995060389272374834e+00
