-1.937969587828196061e-01
-1.535443208018988093e-01
-1.233799558068953556e-01
-8.384556907584796159e-02
-5.086437493354403760e-02
-2.976377490114259783e-02
-2.788406724443989737e-02
2.630037768901444251e-03
5.026787124216697267e-03
3.950530429857940229e-02
8.329757234129142596e-02
1.730112959665233707e-01
1.854617439949212132e-01
2.497819578187644995e-01
3.045151554507972702e-01
3.219516950731490801e-01
4.409733254345438724e-01
4.745937461008768454e-01
4.757660829652294310e-01
5.460394841778675179e-01
6.126656601219935272e-01
6.435973499530389663e-01
6.525472966179501899e-01
6.986468936991430123e-01
7.143889329066996918e-01
7.456978830723737239e-01
7.564802832117907272e-01
7.657154845180587088e-01
8.211935029200876368e-01
8.286825134753244004e-01
8.555288019323266102e-01
9.606262269436096624e-01
9.668270657971467230e-01
1.031034814056461357e+00
1.036425044408507024e+00
1.082982009209557006e+00
1.164076156800062378e+00
1.187192897594480989e+00
1.191831063901656051e+00
1.245680094336620636e+00
1.258878939587136703e+00
1.271549229354701716e+00
1.302028813724695366e+00
1.314252368331975340e+00
1.354003634418005753e+00
1.357461225606912514e+00
1.375960241697209430e+00
1.410143973991644373e+00
1.430524700086144740e+00
1.430749599593212018e+00
1.638406225957321549e+00
1.640202670198640744e+00
1.649185038624716659e+00
1.665350145086107014e+00
1.682089978503519268e+00
1.728988809820360073e+00
1.775877096450931614e+00
1.787710887150212535e+00
1.821801857929350676e+00
1.877689515829941369e+00
1.879779493323394446e+00
1.879914873964344979e+00
1.884126901524121989e+00
1.938328924736527403e+00
1.967245055767210760e+00
1.971301784000498492e+00
1.979091641529649559e+00
1.989238954262085857e+00
2.036601653184691330e+00
2.040160004793759363e+00
2.041534011549964944e+00
2.107930127044930657e+00
2.130598357274677834e+00
2.139450995998971372e+00
2.153645047552311897e+00
2.169325066692238568e+00
2.183571756698908128e+00
2.207977293989909828e+00
2.219411669596421000e+00
2.272746635706598628e+00
2.346247631727676808e+00
2.439759361808627514e+00
2.469680541129742224e+00
2.485303838390725328e+00
2.499117421092547087e+00
2.527974460581592808e+00
2.530764477359596754e+00
2.534488626078132079e+00
2.539316175953152399e+00
2.701430640971961061e+00
2.712755981979080744e+00
2.715858589092542630e+00
2.740514042858759325e+00
2.784079326883833083e+00
2.796698889267784871e+00
2.838925728999351694e+00
2.957148727555522161e+00
3.041867609539012474e+00
3.058032077839446305e+00
3.145912948269548259e+00
3.156384430868313995e+00
3.161511112225510178e+00
3.170079750497361459e+00
3.217583142756213377e+00
3.244274381214498071e+00
3.362942434031811256e+00
3.369782816634053546e+00
3.370909964620719013e+00
3.449625399402624470e+00
3.568727055850293706e+00
3.579651598187166606e+00
3.618845440075724618e+00
3.622133432663447561e+00
3.677063955322048550e+00
3.681862414568191078e+00
3.783726449772548239e+00
3.809420507895050712e+00
3.842118750453947129e+00
3.853290870458451423e+00
3.853485324528123535e+00
3.856252191822968634e+00
3.887873972785112819e+00
3.889491976612847068e+00
3.915964409804428392e+00
3.930976961222103050e+00
3.942410020480058286e+00
3.973857646992917658e+00
3.999869165360252055e+00
4.069388803564463863e+00
4.109760271923182273e+00
4.203071159771732290e+00
4.245636945361727754e+00
4.271675370392805426e+00
4.376637762044762958e+00
4.413664074248949909e+00
4.423718675074697515e+00
4.423760027942856610e+00
4.448642574119188176e+00
4.462487479935523638e+00
4.543505605377904821e+00
4.575021078959335519e+00
4.579307631170514092e+00
4.599790532205066285e+00
4.655085025816843469e+00
4.657657193782314131e+00
4.725908241512251529e+00
4.776657370840655226e+00
4.813565948134317374e+00
4.816845140173660944e+00
4.831853432499489287e+00
4.873213133296014909e+00
4.902855078362594377e+00
4.908575909006957616e+00
5.017513351939932420e+00
5.069011527891420066e+00
5.136507690126150827e+00
5.158580580766527923e+00
5.243533188525824507e+00
5.319906727941718927e+00
5.380915794947970454e+00
5.398514901656156439e+00
5.420237384883631826e+00
5.434653741075143429e+00
5.453815903863908687e+00
5.474870334944105466e+00
5.482887766817508002e+00
5.512114182175424482e+00
5.538033363137673248e+00
5.548533651670177314e+00
5.565391633605345056e+00
5.581267431777700239e+00
5.615765135339833236e+00
5.618760466186535574e+00
5.631709334680323309e+00
5.680159419370724549e+00
5.702333460953445510e+00
5.729601804249765173e+00
5.734312829884379958e+00
5.747046739446618702e+00
5.752423635153498083e+00
5.765656320822467151e+00
5.809070018008187120e+00
5.871427623826951603e+00
5.979540891259700786e+00
5.979972079948892905e+00
5.982100470102468925e+00
5.982215120632504046e+00
5.994519244605736041e+00
6.008875074571202290e+00
6.074558215826001195e+00
6.094504352602291064e+00
6.140300172727606309e+00
6.167083011612589871e+00
6.190948728889170916e+00
6.237367287511857761e+00
6.359932552816744078e+00
6.433144516232045973e+00
6.453893124818368854e+00
6.496316220341366687e+00
6.506281887415961585e+00
6.639363935512151649e+00
6.680214269903302693e+00
6.684119917233508623e+00
6.698068395316815860e+00
6.707909249763314818e+00
6.770376950944823946e+00
6.923888874453860254e+00
6.932796660438061309e+00
6.943962205285682643e+00
6.947937377694950456e+00
7.020574803204904235e+00
7.052312556556119105e+00
7.083762229571943791e+00
7.085294953502890181e+00
7.091660466335981461e+00
7.140597717807415812e+00
7.146183667604817380e+00
7.166590414142523180e+00
7.174101271399009327e+00
7.187190022754078811e+00
7.192042031154587178e+00
7.205005966496115022e+00
7.209531867157973117e+00
7.213085888653780309e+00
7.294506484707034666e+00
7.316730141617888705e+00
7.322041865691090834e+00
7.324536826112389321e+00
7.359050141242188481e+00
7.387100929168840757e+00
7.411927919814533361e+00
7.414037574788472362e+00
7.529399020473771742e+00
7.573097934758928673e+00
7.599668965228029371e+00
7.604959088006701506e+00
7.628618875675638122e+00
7.641076488035116299e+00
7.657390314749476623e+00
7.707635041361799111e+00
7.726962645290974763e+00
7.736417163345382875e+00
7.807429900009444701e+00
7.818183912413693371e+00
7.826689257370914810e+00
7.862625248833849945e+00
7.930075893626637118e+00
7.942950705658494037e+00
7.975834898664177608e+00
7.980338868627669946e+00
8.029156371124328118e+00
8.088791550627714599e+00
8.128988093671731363e+00
8.156525165774896280e+00
8.156738335600326906e+00
8.242930672194161090e+00
8.245536992360925410e+00
8.278887864577942679e+00
8.291276768880109671e+00
8.403719862360514270e+00
8.445602076567352512e+00
8.475412048520487573e+00
8.483504918788216997e+00
8.488552806623712144e+00
8.499724541258823152e+00
8.514078795995331461e+00
8.593397440620993422e+00
8.624272009190041999e+00
8.627591680082232983e+00
8.641870084957854914e+00
8.670920380964297181e+00
8.707682051294710845e+00
8.722752715582180016e+00
8.827578480245520609e+00
8.845343412272677952e+00
8.874358387958848127e+00
8.879857118996151044e+00
8.880690190570025067e+00
8.883297032514006375e+00
8.931950987273003406e+00
8.945368570786063955e+00
8.963865027648479256e+00
8.983754964013083821e+00
9.026236531577582767e+00
9.033640222198156877e+00
9.076273827466152966e+00
9.111433281989732791e+00
9.164159016021589110e+00
9.176929878770438975e+00
9.260607738092938135e+00
9.278076636576072289e+00
9.279909093447660240e+00
9.284077562937632422e+00
9.329668166346012370e+00
9.330130464403982415e+00
9.410813189560995440e+00
9.418947183745691731e+00
9.421906379171193890e+00
9.494745811628208187e+00
9.513816546111213412e+00
9.573883542426186111e+00
9.587506492140288827e+00
9.589327703427656502e+00
9.630827285919931313e+00
9.724339703182502959e+00
9.768824366035193663e+00
9.772852846258052395e+00
9.783536837621721105e+00
9.808035275697369215e+00
9.833051304643907642e+00
9.842664727450946671e+00
9.847037667086835810e+00
9.865973681138148876e+00
9.874948953850566369e+00
9.908442926455462541e+00
9.917895619146396058e+00
9.964334128132556145e+00
