-1.802584633936631375e-01
-1.746440987312956328e-01
-1.053404732326587157e-01
-4.266902597849570045e-02
-1.985345056786730344e-02
1.421565254940246326e-01
1.768914807014115853e-01
2.417457397511322270e-01
3.576740040615307703e-01
4.779593184096316283e-01
4.943110604030716559e-01
5.943890254189638789e-01
6.028498846485750295e-01
6.242323734534311885e-01
6.544079429580913487e-01
6.745514664082528089e-01
7.139725795434161970e-01
7.459224994316382418e-01
7.628016401722623741e-01
8.119111410459796119e-01
8.163078192407287048e-01
8.191448508281440333e-01
8.535448920640296144e-01
8.876199073321677790e-01
8.910042944063198966e-01
9.369961913038420409e-01
9.848250944554850506e-01
1.143464448168512559e+00
1.160476973354915398e+00
1.243380805617208429e+00
1.254539472030276048e+00
1.261729979584925943e+00
1.330346521763383416e+00
1.341419583051095099e+00
1.369436283108498742e+00
1.443843456038240269e+00
1.447509820123614954e+00
1.489113105796665115e+00
1.493557516062480550e+00
1.534240234305662698e+00
1.543593706374117414e+00
1.628230474521188631e+00
1.669088326945740386e+00
1.678376133441651374e+00
1.679430531101544277e+00
1.717055226867872264e+00
1.734905385882816731e+00
1.808080244591238950e+00
1.813014426668503765e+00
1.872885908839531988e+00
1.875883250534747360e+00
1.885923063974810576e+00
1.940063012315891511e+00
1.943736642124732183e+00
2.015789301247681298e+00
2.034710080032237300e+00
2.083662379900577566e+00
2.118782160797517022e+00
2.148099396455513954e+00
2.154233506633551176e+00
2.166881434967854236e+00
2.177995946211042977e+00
2.254836611657915046e+00
2.269891781205287007e+00
2.270779602983822532e+00
2.322506302790635413e+00
2.367143322157297280e+00
2.384376377191464780e+00
2.389244912304042678e+00
2.404291667755348971e+00
2.404840683897015552e+00
2.422054969185210460e+00
2.436549559929651387e+00
2.472852580425191960e+00
2.628606740432001043e+00
2.723882042232079304e+00
2.781885182472612517e+00
2.803943706434654626e+00
2.825436345386873160e+00
2.845177393933414400e+00
2.846010198609051134e+00
2.861083333464007339e+00
2.882762658763409647e+00
2.925573405798413074e+00
2.935314840832740302e+00
2.971124844755749006e+00
3.022159036034125723e+00
3.038234179549753833e+00
3.059807914524594885e+00
3.070333403341130474e+00
3.077787372161461477e+00
3.132536978209651490e+00
3.150289829155825228e+00
3.163014572752110620e+00
3.184457098772822903e+00
3.198500642681381123e+00
3.226702589442334901e+00
3.245123419031000545e+00
3.249056054389909409e+00
3.272950647294392557e+00
3.278781497365522934e+00
3.337814545131620569e+00
3.374549952754605009e+00
3.402938498870351935e+00
3.428552725857807015e+00
3.433150088349862461e+00
3.439041558576747981e+00
3.497935732139195064e+00
3.551889232871897395e+00
3.562232259485776265e+00
3.613017818889225463e+00
3.631271032313609926e+00
3.637880489545684881e+00
3.638299034547288091e+00
3.677548054654589116e+00
3.693585163043923369e+00
3.761351439856051471e+00
3.830623610872217810e+00
3.881059937735107823e+00
3.900997651229710428e+00
3.987114692484667877e+00
3.990290793524573942e+00
4.027349408975682721e+00
4.094151881619028543e+00
4.164850850036534879e+00
4.177550834752504549e+00
4.188256043042741794e+00
4.229413300850495716e+00
4.306306191454242871e+00
4.471978875677942611e+00
4.479414123041578932e+00
4.488314245538023606e+00
4.544485041341048692e+00
4.571036984316257268e+00
4.765557841719394006e+00
4.935636287811183465e+00
4.992238259490341612e+00
5.021381508111856462e+00
5.054187876926317990e+00
5.061423850502009714e+00
5.081802121910671488e+00
5.107706745988714658e+00
5.123497016839130502e+00
5.141222257302705323e+00
5.148570150604142803e+00
5.178650081941476024e+00
5.206550255871641220e+00
5.208047176777460763e+00
5.290109700358752498e+00
5.330877983716553636e+00
5.343753406127738970e+00
5.375714602811679121e+00
5.447745412264060505e+00
5.531468462132117736e+00
5.561375179157126425e+00
5.568268863834910931e+00
5.574453984849656152e+00
5.614794700468290323e+00
5.751001766071896171e+00
5.776906738171088129e+00
5.846054733580541729e+00
5.849668770860321665e+00
5.884847466637584290e+00
5.962927484798271394e+00
5.985042823991474137e+00
6.017655777221535551e+00
6.029585890730727371e+00
6.043143704410121053e+00
6.137793653351336864e+00
6.216592815077513379e+00
6.287378657408985383e+00
6.353179699673647818e+00
6.382803170358624101e+00
6.430309779256384140e+00
6.471791344032608251e+00
6.472966322958972007e+00
6.505660755616441193e+00
6.510569897071665224e+00
6.538861259860453856e+00
6.544918963252622568e+00
6.688610843719492216e+00
6.703918628827712389e+00
6.707193354108421879e+00
6.733071050091811394e+00
6.757725543181352101e+00
6.846602055369931605e+00
6.879268728870843397e+00
6.895778991385425272e+00
6.901160751442940722e+00
6.989360493296946863e+00
6.991664354349879318e+00
6.993656594964157591e+00
7.058863382206976844e+00
7.096329843275436033e+00
7.096765969781909433e+00
7.132227948870753842e+00
7.174908162994926286e+00
7.204852671305125966e+00
7.242231423999607287e+00
7.310699481780408071e+00
7.378782252703326883e+00
7.451105315841275001e+00
7.462841025632499736e+00
7.468941090873038036e+00
7.501551603027019510e+00
7.526561515367689914e+00
7.534916406169282155e+00
7.541642616065014515e+00
7.598035851574244326e+00
7.601146740230278809e+00
7.633225904052949318e+00
7.788562284304243910e+00
7.825905894996350476e+00
7.883133763687429685e+00
7.915602077852240903e+00
7.945901245549163328e+00
7.957748576602980073e+00
8.000257653675118874e+00
8.007697465079784749e+00
8.023852814756230245e+00
8.039534822063579611e+00
8.050378448745249216e+00
8.071594502610413002e+00
8.105078157538260442e+00
8.141153973247076792e+00
8.311121699467596713e+00
8.317468159027193053e+00
8.327678757858020475e+00
8.333303464893324630e+00
8.415811247281538954e+00
8.461419424019574365e+00
8.475371672912087817e+00
8.487183681304609095e+00
8.517090929200213267e+00
8.574433588475791623e+00
8.574588130809765119e+00
8.609856683715110037e+00
8.679675525821169302e+00
8.714844621875975861e+00
8.716414364608459309e+00
8.822454084872719093e+00
8.841571103178662128e+00
8.855562296108260512e+00
8.900545283824815357e+00
8.912990968305500417e+00
8.929876409832115058e+00
8.952380095658645232e+00
8.977701572840560473e+00
8.990685037686358072e+00
9.014573832020479571e+00
9.023144101529593897e+00
9.068371041440757452e+00
9.077263338898696077e+00
9.094200643367116754e+00
9.099823857576343045e+00
9.133947618229983689e+00
9.271459863796172485e+00
9.278385269360679644e+00
9.290456041580691604e+00
9.292113290646048185e+00
9.301014480055364686e+00
9.352089348187075046e+00
9.378178124420831097e+00
9.398171630615102856e+00
9.418336905529921310e+00
9.435698817308765030e+00
9.444683097514527503e+00
9.506133539475904115e+00
9.513702079068298900e+00
9.517301173990677654e+00
9.529621885830119155e+00
9.599244863539890815e+00
9.659377567711935342e+00
9.665999100991134796e+00
9.717050896455912579e+00
9.740243372494537866e+00
9.750323485461064976e+00
9.765373759150040911e+00
9.786058616089309936e+00
9.898206008977609827e+00
9.905501671600976721e+00
9.910077580443651613e+00
9.910936774803898786e+00
9.922988942353997643e+00
9.929632485583834267e+00
9.943755604571947515e+00
9.967706802256412146e+00
