-1.914700638587928105e-01
-1.614597737835502256e-01
-1.552077971241682119e-01
-1.468988561311448393e-01
-1.461173160022318507e-01
-1.272799719171929522e-01
-9.803770303609631032e-02
-9.383105668240609987e-02
-8.070987423252692916e-02
-6.305368336998087853e-02
-2.236343107091465221e-02
4.351492704243456466e-02
5.812879759887878972e-02
1.651464116454616216e-01
1.765685536712939263e-01
2.241085953952043908e-01
2.413737618435659593e-01
2.605532860267330553e-01
2.700042328017943638e-01
2.718882482272915735e-01
2.892087814955892622e-01
3.574069999114277141e-01
4.769255897862728077e-01
5.401500843142823527e-01
7.434837606479192118e-01
7.482660718540898870e-01
7.614932499224960072e-01
7.646619882734835283e-01
8.391039127039001677e-01
8.403228613824003101e-01
8.433713313957500457e-01
8.506013025626508739e-01
9.128269035759868366e-01
9.395546227337245870e-01
9.416940480269948566e-01
9.443171015453126760e-01
9.490908338922636744e-01
9.571786013329199871e-01
1.032857072345459537e+00
1.051315387488920283e+00
1.051492413645256807e+00
1.175800992932741318e+00
1.211060112987974779e+00
1.225098375528536288e+00
1.276181778362792896e+00
1.368574297800806194e+00
1.383477298562947988e+00
1.442566536795468979e+00
1.454275875115714989e+00
1.475206634765202862e+00
1.477581081589916856e+00
1.554318307872692762e+00
1.569425290345817237e+00
1.572681714884497595e+00
1.639253263732201482e+00
1.781028755795368790e+00
1.828610314200394216e+00
1.872858455869738981e+00
1.875721560561409040e+00
1.957189316744196939e+00
1.963782284131850853e+00
1.984382592391716882e+00
2.017694039331879630e+00
2.025915452772726777e+00
2.039198971908349201e+00
2.090502064951803352e+00
2.155246057945273463e+00
2.155708890559584923e+00
2.167247733809934740e+00
2.174731486622344168e+00
2.181837351101219902e+00
2.197470749757850061e+00
2.213602402855387119e+00
2.256749211853750214e+00
2.272425467852305037e+00
2.275394662315033401e+00
2.285888954100924408e+00
2.302693554256185937e+00
2.317206373087727478e+00
2.395835239316740140e+00
2.412055225095310007e+00
2.450630961040333844e+00
2.458966825491926134e+00
2.468166158855468861e+00
2.484006160262814067e+00
2.490393416871753196e+00
2.589070621633525526e+00
2.612411023331139948e+00
2.663232131987642415e+00
2.690476915154434323e+00
2.706511683076709307e+00
2.711611163326352436e+00
2.732621514684177022e+00
2.734341249539286700e+00
2.759338245088925223e+00
2.806325033820190828e+00
2.900622032315873344e+00
2.966004225653072091e+00
3.013963208449421227e+00
3.123397611595736034e+00
3.171783054420936665e+00
3.184436719395472792e+00
3.184620414800975130e+00
3.194234551783922349e+00
3.289294720311020548e+00
3.394528343785546021e+00
3.445859302894777709e+00
3.522825691478053578e+00
3.564160347164337495e+00
3.609974199549772500e+00
3.611395320489324323e+00
3.613152508410831576e+00
3.685961978207676903e+00
3.735829515591025718e+00
3.740972154645870962e+00
3.741865450278049288e+00
3.808049850618258070e+00
3.863271821996545619e+00
3.894211048570904055e+00
3.927245418248689113e+00
3.985716679853421596e+00
3.986287096779192574e+00
4.083574735064943617e+00
4.105697531542872092e+00
4.119189005310539109e+00
4.138430626087861164e+00
4.143998895527336579e+00
4.165347620809579432e+00
4.175703509700772642e+00
4.197316093988136210e+00
4.203699985000889150e+00
4.225697500865517320e+00
4.226297336348888933e+00
4.265250052317785645e+00
4.307518134494006112e+00
4.325579490621869638e+00
4.377751062143908634e+00
4.387316651893261366e+00
4.388146754556315976e+00
4.389305935085983101e+00
4.422425152230948342e+00
4.442284637889135190e+00
4.490647170706567159e+00
4.498105307361830896e+00
4.506258650182031644e+00
4.514020964774439371e+00
4.528068574207818386e+00
4.545694143390220709e+00
4.586816587072555684e+00
4.646583673551084814e+00
4.692367672722607352e+00
4.714165019083677244e+00
4.718353740162060994e+00
4.718810580258034015e+00
4.737570287563152682e+00
4.782922456014199852e+00
4.812871144137541357e+00
4.834831627636518192e+00
4.849349651765738400e+00
4.926203169196664788e+00
4.954749003365514604e+00
4.986187115155586547e+00
4.988143969929761390e+00
5.006398301694584774e+00
5.008767317560390175e+00
5.028879016902731536e+00
5.063794061827321613e+00
5.079128260351854607e+00
5.115023297909595534e+00
5.124016177218710943e+00
5.124722658749620408e+00
5.141118335957567176e+00
5.151912020137575432e+00
5.160485142406266768e+00
5.210415427611311046e+00
5.426375399596019555e+00
5.469937293724614236e+00
5.551516879534033500e+00
5.564669860093570897e+00
5.602031003359387640e+00
5.609481744485015575e+00
5.629643317221177057e+00
5.654964985037685743e+00
5.670299781278488105e+00
5.677658294453137522e+00
5.692396499384233977e+00
5.694720517757777323e+00
5.790069272365140129e+00
5.791912988561450426e+00
5.796814594620420813e+00
5.828238944506274777e+00
5.836124916387629646e+00
5.841547200003033957e+00
5.857889708769743464e+00
5.901107102815157823e+00
5.904692704992757335e+00
5.998132047063748473e+00
6.052995223943780090e+00
6.062969645275554598e+00
6.063969297549313353e+00
6.084562969929327103e+00
6.103796550482543104e+00
6.114114455177269036e+00
6.138602259293494789e+00
6.139407909878253911e+00
6.233127698342884493e+00
6.242153300107158742e+00
6.244010920874818460e+00
6.244353961959686394e+00
6.279174814473510224e+00
6.285992936113177443e+00
6.291959463335975222e+00
6.300226792032022516e+00
6.307170688563974004e+00
6.320056420232718963e+00
6.336318609410827918e+00
6.468151332737610559e+00
6.474550573118613706e+00
6.476095407286803329e+00
6.479459294551699777e+00
6.562165856030068412e+00
6.594018299979039988e+00
6.636727794124551494e+00
6.636778011116591713e+00
6.673243233661525053e+00
6.734093576837845596e+00
6.762245142694370159e+00
6.772857543884880371e+00
6.808313075330298503e+00
6.819402306412832182e+00
6.861986040084568472e+00
6.872650390766382955e+00
6.881750052326170319e+00
6.946184508192123630e+00
6.962379144412833121e+00
7.049208945018803796e+00
7.049510793700170197e+00
7.070374363247859506e+00
7.072330184945418985e+00
7.093561384420203453e+00
7.142912584415038957e+00
7.150524291571129787e+00
7.260717564947014147e+00
7.260995787001286672e+00
7.267062987951850239e+00
7.284934934960326736e+00
7.301408688899263311e+00
7.314512402565959803e+00
7.322812661457005490e+00
7.416556559282450500e+00
7.450460187534645229e+00
7.459646998588431721e+00
7.482114505661252579e+00
7.484583033019408305e+00
7.534914861104969219e+00
7.617052496814424423e+00
7.673279559599833100e+00
7.676570008156974545e+00
7.710107386174657407e+00
7.825701952832647912e+00
7.854977110933764273e+00
7.855620300817464319e+00
7.900350107488541163e+00
7.936782924782316506e+00
7.955922010691469204e+00
8.014706903701371843e+00
8.015744429076237410e+00
8.033206948777612766e+00
8.070353523006200902e+00
8.105498116654397123e+00
8.169422483268128587e+00
8.214258301233748227e+00
8.219424915849536717e+00
8.232739886214165637e+00
8.387293452969188934e+00
8.415342983041426805e+00
8.438586184768283260e+00
8.443375071205021953e+00
8.487736484494019962e+00
8.636897666906058646e+00
8.678298350797764016e+00
8.691489803821419002e+00
8.698098408714768581e+00
8.735334455605663351e+00
8.758205671142613724e+00
8.775957525580952989e+00
8.810759657257086985e+00
8.826737226130811464e+00
8.863990639039315056e+00
8.864604002182280951e+00
8.924178174857392065e+00
8.935416351452992956e+00
8.942609638946567685e+00
8.981771812982191960e+00
8.998395586547585978e+00
9.063326250682605334e+00
9.083425934873641694e+00
9.140934146097789537e+00
9.152273160773555460e+00
9.213721075626633450e+00
9.286099001608796755e+00
9.291576469975096231e+00
9.328274417893503312e+00
9.329839209484228846e+00
9.377646415207532726e+00
9.416473858941625252e+00
9.431303557353453826e+00
9.497435664200304828e+00
9.512302948466963670e+00
9.515822287817117697e+00
9.517864357850122303e+00
9.585184324658888144e+00
9.619822821305312743e+00
9.632087928496298801e+00
9.634661834847998207e+00
9.705072861303969844e+00
9.719825504711979036e+00
9.743211486294622858e+00
9.754165660660058634e+00
9.773358718463891037e+00
9.777644543269168764e+00
9.781740496416292174e+00
9.830007347409267737e+00
9.833304046854712155e+00
9.858205374865367077e+00
9.972590870958860876e+00
