-1.498699929914239504e-01
-1.337615000911342444e-01
-1.148492342283096712e-01
-1.126054326311044240e-01
-9.305800315402457112e-02
-4.278098691451379110e-02
-2.672915637498168850e-02
-1.930444217955351593e-03
4.199019247447033365e-02
1.016567607257614081e-01
1.761868180627383373e-01
2.093766836478573867e-01
2.543150730880486821e-01
2.620813885363517115e-01
2.892552181237212361e-01
2.953982758199273917e-01
3.079343771385658068e-01
3.171259159171835873e-01
3.300546593634284265e-01
3.571679866900153155e-01
4.130562790905525916e-01
4.175233609392174361e-01
4.691533178695498907e-01
4.812832452167450925e-01
5.518994763376148249e-01
5.793319533531364751e-01
6.214572300164604712e-01
6.562296184732914206e-01
7.104898422646730438e-01
7.127260397217116683e-01
7.324553317069060210e-01
7.770536780543246813e-01
8.437924669210694617e-01
9.000655277453215586e-01
9.292034935936965834e-01
9.354493775313381665e-01
9.420660482762819310e-01
9.546934766242674009e-01
9.680168473454762168e-01
1.000211368354663843e+00
1.016000035842842042e+00
1.020105072229242182e+00
1.023043363003165451e+00
1.109630242414564982e+00
1.122566202329070340e+00
1.126002523524210375e+00
1.223392346217185178e+00
1.245278457819805285e+00
1.277785954240821864e+00
1.375102526280413739e+00
1.493350540293925333e+00
1.511316608863117583e+00
1.554640953082971233e+00
1.556365931550927506e+00
1.586126834678789566e+00
1.648172621308620078e+00
1.684556693419748230e+00
1.899577266061779790e+00
1.910669453550319252e+00
1.943282295900771617e+00
1.947131801094154069e+00
1.965081464855373605e+00
1.987270911876426682e+00
2.048628932508667067e+00
2.050982316057345045e+00
2.083500179516893702e+00
2.100958474792295583e+00
2.126959714362388176e+00
2.146376501073275822e+00
2.200791159585913537e+00
2.223407056983130126e+00
2.226508864961141754e+00
2.232294445356409973e+00
2.250964356403887923e+00
2.285941651641409056e+00
2.353283232963939042e+00
2.389210390571006037e+00
2.403589745173431602e+00
2.411036095345626684e+00
2.428150964498130726e+00
2.429283667377966083e+00
2.448351150375267515e+00
2.473743144338125255e+00
2.477149988796647939e+00
2.478418505982985298e+00
2.499508205440160946e+00
2.500179947625946308e+00
2.501970844811705064e+00
2.520863913688292435e+00
2.521361027357365003e+00
2.549686385620748119e+00
2.588721414173174029e+00
2.638868771019510007e+00
2.677321982181068094e+00
2.684063884469851669e+00
2.731351016280997523e+00
2.740821254383270400e+00
2.794062299051549125e+00
2.800617926531949298e+00
2.808845718772189137e+00
2.828048893518491091e+00
2.864333134621977361e+00
2.901024537213535037e+00
2.920967254659581069e+00
2.932890102080869976e+00
2.953287263291615616e+00
2.961024375088608274e+00
2.969730416394984918e+00
2.981387056150325066e+00
2.985637061988851482e+00
2.990654270831075934e+00
3.030039833680128414e+00
3.034678810971235929e+00
3.075151449407806492e+00
3.141054656874674667e+00
3.191740366594581602e+00
3.199569647949987328e+00
3.223778792725711106e+00
3.288646789254259239e+00
3.387864260882694545e+00
3.489974748067724786e+00
3.502379010340527454e+00
3.536388016534761203e+00
3.551358847872132074e+00
3.620232955416284870e+00
3.645934977922248965e+00
3.690800552486948494e+00
3.742484793570813206e+00
3.752990702982345272e+00
3.798287808752844441e+00
3.814135311859669919e+00
3.843169645074723029e+00
3.860326247865019766e+00
3.867340412409691730e+00
3.873040496219943840e+00
3.934645385998099876e+00
3.934893709002416529e+00
4.069923592167466353e+00
4.083904908086290142e+00
4.093290715192042128e+00
4.125368314716944873e+00
4.196274026418719494e+00
4.224463250045436880e+00
4.238159479473783797e+00
4.282874480775877402e+00
4.303370197050561785e+00
4.343965925988546140e+00
4.366873818563904663e+00
4.396632068731881837e+00
4.407455458055353326e+00
4.429163073905153958e+00
4.451244872269625397e+00
4.461713125521918677e+00
4.486238599256834547e+00
4.523503478025780566e+00
4.537116378635682068e+00
4.546908353102385725e+00
4.553724802852723741e+00
4.561108945809291271e+00
4.582091336601335385e+00
4.594638577728303197e+00
4.599310085441291385e+00
4.646680410476678347e+00
4.688635787877935890e+00
4.721918741397388430e+00
4.725360552591024721e+00
4.735314725414638382e+00
4.793145077516049568e+00
4.802572600766398914e+00
4.866658264395480771e+00
4.873606892473723029e+00
4.954759231456011825e+00
5.024061480057931739e+00
5.037495894620758641e+00
5.056033949101149005e+00
5.064137190990691373e+00
5.064872278951874307e+00
5.102301182937767798e+00
5.113392620929833932e+00
5.123748279305219810e+00
5.123790911357430033e+00
5.133695615504104026e+00
5.137775880184512367e+00
5.145556983661837336e+00
5.185517564893443065e+00
5.216091955129424029e+00
5.267406189811268291e+00
5.303025761911939640e+00
5.394326312981886140e+00
5.460197180803763928e+00
5.500264860949296342e+00
5.593901260223585581e+00
5.599973727159993864e+00
5.618442304919855523e+00
5.627187640733196439e+00
5.628468968165068809e+00
5.641745488819004173e+00
5.650593995476955733e+00
5.682381176640149967e+00
5.764402261938593064e+00
5.849684141857098396e+00
6.032506406427978085e+00
6.181035261712096940e+00
6.207515275513260988e+00
6.213940648734674888e+00
6.231362941564725588e+00
6.242378340413357485e+00
6.276941063353253192e+00
6.285757867576536206e+00
6.295039057730561716e+00
6.304988460154905994e+00
6.466979245467092241e+00
6.515332468380353070e+00
6.546312251716076780e+00
6.585135019361556985e+00
6.587233773956576499e+00
6.603657648554920101e+00
6.606099746174264098e+00
6.610348297514573979e+00
6.645318390354378657e+00
6.656488042066570188e+00
6.665450653209058274e+00
6.677466843021638176e+00
6.701917687053732031e+00
6.714338023523529486e+00
6.727736830172229787e+00
6.806321486395196629e+00
6.815638309871536293e+00
6.827013744582078658e+00
6.853471428214551686e+00
6.893769873864658670e+00
6.936780898347831403e+00
6.981764504051837683e+00
7.045038223784612974e+00
7.085816207446423043e+00
7.116181079174657143e+00
7.133157224749366421e+00
7.152785549283490418e+00
7.156164330735902190e+00
7.292925081973113954e+00
7.301595050058010017e+00
7.324960293919040133e+00
7.344236458766241427e+00
7.349814274268839931e+00
7.354011728626108635e+00
7.383060252594382256e+00
7.389423135958576694e+00
7.447324674300562108e+00
7.448807350847729047e+00
7.559345335864222193e+00
7.631372025203680742e+00
7.660318395868298325e+00
7.680945334839700323e+00
7.692072471386599553e+00
7.720710037469936893e+00
7.728613495795486621e+00
7.786447595748716033e+00
7.803135589631264857e+00
7.809176863987114636e+00
7.821708319798790221e+00
7.844655231214153979e+00
7.849102037737332616e+00
7.862159422634419137e+00
7.882849177988007661e+00
7.897253184335803589e+00
7.921371207089717537e+00
7.958276982750727591e+00
7.987958189855542734e+00
8.013040351068374534e+00
8.073429119119953867e+00
8.094043193320533902e+00
8.094496633679742814e+00
8.135210733777592296e+00
8.162033834695996859e+00
8.171102409626344709e+00
8.188879441208600340e+00
8.207423312884213118e+00
8.221907837713706257e+00
8.226987124899837411e+00
8.238027003799341941e+00
8.263739388161205568e+00
8.320060395692866706e+00
8.403270682681201365e+00
8.467902853510620886e+00
8.478788144252176195e+00
8.498809682587326719e+00
8.518418330757492996e+00
8.533134319251313826e+00
8.545637118776951979e+00
8.560580956836167488e+00
8.594013442803770886e+00
8.604041394386682029e+00
8.672007509852246443e+00
8.696070187426006015e+00
8.709425993000930788e+00
8.733617782489554671e+00
8.742493234359306697e+00
8.744006812021368091e+00
8.763017500472473742e+00
8.765922982133957930e+00
8.771879110992051309e+00
8.827009742607648590e+00
8.862410574854953538e+00
8.864758292052451694e+00
8.866737837221164042e+00
8.870586798040065446e+00
8.873109094477548808e+00
8.905447749599955998e+00
8.906200898100745889e+00
8.936511466914341284e+00
8.952481336318180993e+00
8.960725477415808271e+00
8.989384006342385547e+00
9.066347927967550291e+00
9.079332264860264345e+00
9.116959322992160608e+00
9.150550982913983944e+00
9.153329491847621568e+00
9.176001540555242642e+00
9.181611255681762174e+00
9.209961569313543706e+00
9.213116387040731325e+00
9.258838318710511217e+00
9.266446335557859015e+00
9.337772054421005663e+00
9.341875190579662203e+00
9.360958676552934676e+00
9.383926165405895858e+00
9.391744008235091812e+00
9.428665903500947465e+00
9.443620703036215147e+00
9.545715271120181811e+00
9.549347288601298445e+00
9.608029900212457619e+00
9.630056179209846690e+00
9.677421362501849700e+00
9.682348520735320818e+00
9.694722493485148362e+00
9.798398581384528683e+00
9.822158228718025796e+00
9.849326783126683083e+00
9.852803230849108473e+00
9.889003955736349383e+00
9.902132581054127414e+00
9.962463560264506413e+00
9.979614835830080466e+00
