-1.977082880838859358e-01
-1.953290382137339021e-01
-1.376704587677025637e-01
-2.657449224204702642e-02
2.623385931354257905e-02
5.186090804932202980e-02
7.650530667699223519e-02
1.221897249894824955e-01
1.443657336084068210e-01
1.898537496025057281e-01
2.137416184870480906e-01
2.551699016961482824e-01
3.971442286470163174e-01
3.974642555357666418e-01
4.155322178991733284e-01
4.185875803159456177e-01
4.514953058220904647e-01
4.638319536213290628e-01
4.982925570400592030e-01
4.989825009575871717e-01
5.021004795839592028e-01
5.031253686461270025e-01
5.106861518397805000e-01
5.301001289526061644e-01
5.333556871748361683e-01
5.518728625602851157e-01
6.041340751447192847e-01
6.359448344520353125e-01
6.425935301327909688e-01
6.801631599746407186e-01
7.091917154494973285e-01
7.154736090947118043e-01
7.174362557024973608e-01
7.684395901403910933e-01
7.804221061373783908e-01
7.886640635515074216e-01
7.973988491218289010e-01
8.176845390080071940e-01
8.194348671228730563e-01
8.255482628988817240e-01
9.476988961252394983e-01
9.552723243492087235e-01
9.903928363156875303e-01
1.009271513393023678e+00
1.013593354447161143e+00
1.021567864214657728e+00
1.025470466373159750e+00
1.081042973177595679e+00
1.130181868504096965e+00
1.190986939558089208e+00
1.198812490621845361e+00
1.202190463726766190e+00
1.245225880297214038e+00
1.278272995711406512e+00
1.327482342423841333e+00
1.516417965189722050e+00
1.615485188579808273e+00
1.643335507780552263e+00
1.705273109438720791e+00
1.748633758838258334e+00
1.771415288313777481e+00
1.773455848980060923e+00
1.925670150229845889e+00
1.946566416444451830e+00
1.950945044961359676e+00
1.961010199705077950e+00
1.978108792605812516e+00
2.042524483032943650e+00
2.167084886808232636e+00
2.199994073511125858e+00
2.219363815137064933e+00
2.247819295151854302e+00
2.265298024508882957e+00
2.270503678966364181e+00
2.273504963422715353e+00
2.294442352177478828e+00
2.300488452677651008e+00
2.314476270386291112e+00
2.346594992378194799e+00
2.475236101124221211e+00
2.492030779400482121e+00
2.497562741349609983e+00
2.557363681789194931e+00
2.564436259370039828e+00
2.568293578330916205e+00
2.645503240743251716e+00
2.691098406166886559e+00
2.715713665481458428e+00
2.768263890560511697e+00
2.790443455592411137e+00
2.834868198467856537e+00
2.844890994056924249e+00
2.869058915770958951e+00
2.883114631704216002e+00
2.886985061764731242e+00
2.891550503328273791e+00
2.908929410401847715e+00
2.918274326817726472e+00
2.920917470737070865e+00
2.976052189912083090e+00
3.047167988404249073e+00
3.047748236550494649e+00
3.054212153089558957e+00
3.056850692879891973e+00
3.097084771131411340e+00
3.112661454881041845e+00
3.113268677396862749e+00
3.127845198658830927e+00
3.259539764878480295e+00
3.298160774923674765e+00
3.302868059188554195e+00
3.304739729902292034e+00
3.311991242662008617e+00
3.315255127625431619e+00
3.334479851450101506e+00
3.365109940635904628e+00
3.368883669388222923e+00
3.372776023268981849e+00
3.434836607564349720e+00
3.488759530439057954e+00
3.517422198295633518e+00
3.536486265074502811e+00
3.552138110283242334e+00
3.570301396920156911e+00
3.587472322829339255e+00
3.622093704370964673e+00
3.636025882179671154e+00
3.684413829507612093e+00
3.741095754454815125e+00
3.761434723074638331e+00
3.778462901641745475e+00
3.778974205061223834e+00
3.784273366767559654e+00
3.817872081032941622e+00
3.838422294921620015e+00
3.882375758459964743e+00
3.910653520749752587e+00
3.961144209165607499e+00
3.990050391316771083e+00
4.010163964638248757e+00
4.068315459661503652e+00
4.083841181485700744e+00
4.136690145152712716e+00
4.144258757199530407e+00
4.154023004801413066e+00
4.180798855936068037e+00
4.202526248739200554e+00
4.234617485392194070e+00
4.234966020346663917e+00
4.299080039063867709e+00
4.322706548797458304e+00
4.365253111091536020e+00
4.423842387487030514e+00
4.434911636631888143e+00
4.438363427388287263e+00
4.451227105892411551e+00
4.465103766920912598e+00
4.485030514023866210e+00
4.497413798576763710e+00
4.543079210739961127e+00
4.547294845353935244e+00
4.645212814396240120e+00
4.654499681837468650e+00
4.719172379355589975e+00
4.727144252621575227e+00
4.752789226661193744e+00
4.761119981913876309e+00
4.873045789929956406e+00
4.901123824377656035e+00
4.922992502276594351e+00
5.058063292567899438e+00
5.064184373372995651e+00
5.148985459281111510e+00
5.253334326233271234e+00
5.298556709290943800e+00
5.311854231959594053e+00
5.365277102942083154e+00
5.371910423352058928e+00
5.415392920072542360e+00
5.427344878142108975e+00
5.482006144916720558e+00
5.485581938640992306e+00
5.488742098042478368e+00
5.525066033811987687e+00
5.546368395797944828e+00
5.634863394273918580e+00
5.661951810230951843e+00
5.756286587324419557e+00
5.895601247462429306e+00
5.909780876016857754e+00
5.922937826213691359e+00
5.937962094161773230e+00
5.996293354746984328e+00
6.036568962395473470e+00
6.046530686451219161e+00
6.072344172072289936e+00
6.108779333244217291e+00
6.192779642373650084e+00
6.194113248404327088e+00
6.198535839659391478e+00
6.225050536025715786e+00
6.276083132185592994e+00
6.278533247025896991e+00
6.302844196529908238e+00
6.312980344622690865e+00
6.323904889092093029e+00
6.354978862218942481e+00
6.357062586794856252e+00
6.376848463872668127e+00
6.422079631061339278e+00
6.445478802329893675e+00
6.449610461711287712e+00
6.471135318625812261e+00
6.477582560594573380e+00
6.505386166145947335e+00
6.549006132164373994e+00
6.556337363874726876e+00
6.581963224244568700e+00
6.587069462888734073e+00
6.633096401502013073e+00
6.666624524900969462e+00
6.723664300919113934e+00
6.725888733859784807e+00
6.757884457308752424e+00
6.761181115963605492e+00
6.766196831625324926e+00
6.784994652687934114e+00
6.805895353979504847e+00
6.812220015134395013e+00
6.831256912562897021e+00
6.914055460281957721e+00
6.918225388216792560e+00
6.952902858454418578e+00
6.960285013510017826e+00
6.965101860849062909e+00
6.986897090995088710e+00
6.991320779665166185e+00
7.008403359331051519e+00
7.045461606900523144e+00
7.077209109360248718e+00
7.088415969418563556e+00
7.104820611910160011e+00
7.117726533884694007e+00
7.132217594289846474e+00
7.157211845752481594e+00
7.162016346760325725e+00
7.226356479524280729e+00
7.252573907752242199e+00
7.270622413771042680e+00
7.271690685008096899e+00
7.302767876990477802e+00
7.307916155392449653e+00
7.410734270453771089e+00
7.423361046402409791e+00
7.498662013981654439e+00
7.500240966748584981e+00
7.520011684848011413e+00
7.526427402762087659e+00
7.543005282884086782e+00
7.651576677008666394e+00
7.670836325151875634e+00
7.724087541233276788e+00
7.782741857568944432e+00
7.787744326197516997e+00
7.800427498033051243e+00
7.844088192466588616e+00
7.897803259979814250e+00
7.914057207552359863e+00
7.914932939254490485e+00
7.922151697454535402e+00
7.960858472933300511e+00
7.972537426176434572e+00
8.010340220487879748e+00
8.025979433188826562e+00
8.035063502906835353e+00
8.037922903661042895e+00
8.142932313765570029e+00
8.175138925400815992e+00
8.323068237831630967e+00
8.331272355730400037e+00
8.378542034526471838e+00
8.423595741336953324e+00
8.440901133142633128e+00
8.441744282622435591e+00
8.481555912532206420e+00
8.510258308340464595e+00
8.518720460521443272e+00
8.531845492913699758e+00
8.538499266149008449e+00
8.557623422149188031e+00
8.563602375982497961e+00
8.578962723226219111e+00
8.641681699974757436e+00
8.650349764187579282e+00
8.656994469329234221e+00
8.671908920362007223e+00
8.713202782037033245e+00
8.738515341467028463e+00
8.773769972809249751e+00
8.837856269213199667e+00
8.845478669095450996e+00
8.846737902052300484e+00
8.877828862890126516e+00
8.908202566836157743e+00
8.910710612220636762e+00
8.919984889964707619e+00
8.921520434436724045e+00
8.926309841486419927e+00
8.934523115602043930e+00
8.950282781296879264e+00
8.953360765075645489e+00
8.955364920421047259e+00
8.959135550946689008e+00
8.968672945378820316e+00
8.994699653476860846e+00
9.027383802300125382e+00
9.033767777948705557e+00
9.040803587989687529e+00
9.045549564239154350e+00
9.070169435084965315e+00
9.103026371369621117e+00
9.104532484390489344e+00
9.177630957193645855e+00
9.210275337179748334e+00
9.420941768197419464e+00
9.439760678923359905e+00
9.483405094632381349e+00
9.498359678453228483e+00
9.512898574100493221e+00
9.524521814154343957e+00
9.539689123330742149e+00
9.569394123329869828e+00
9.605375235911909115e+00
9.624437158168273498e+00
9.643443274625777661e+00
9.688767642004066261e+00
9.701959327253797838e+00
9.750311817514200285e+00
9.791960048834498664e+00
9.809258113889070430e+00
9.866504748260595647e+00
9.881329859087413681e+00
9.914712505166161094e+00
9.940347515396332767e+00
9.977361380189185169e+00
