-1.785730723347074278e-01
-1.349248313940155652e-01
-7.209709994645507880e-02
-6.711860114746920347e-02
-5.922293136044531892e-02
-4.871783260559101048e-02
-3.413276557279754098e-02
8.211465644519827523e-03
1.090998995699815621e-02
3.879040254931900855e-02
1.057933791880826258e-01
1.299035752500564134e-01
1.363459044203801374e-01
1.660482371792891265e-01
2.017679179066420581e-01
3.329526373344252055e-01
3.512189473728522526e-01
3.554035562475301169e-01
3.801615801837284203e-01
4.190916935031391843e-01
4.313421185244233347e-01
4.967264027174594365e-01
5.114615869994894037e-01
5.289953841366179521e-01
6.086422784482463655e-01
6.274820798653211185e-01
6.520076045196303571e-01
8.051707800551735073e-01
8.180946195062812620e-01
8.298330417043728868e-01
8.366854358263051683e-01
8.989359802231982055e-01
9.156484588646758294e-01
9.368922808897559573e-01
9.655576956771190211e-01
9.944199740655734754e-01
1.024786286534820512e+00
1.049279966423131816e+00
1.121038840942109482e+00
1.250582972675665649e+00
1.344230293958480038e+00
1.347360238334979421e+00
1.465311410717924367e+00
1.481354402716941632e+00
1.578856893179981125e+00
1.658489068336505889e+00
1.672617078575842964e+00
1.856407142117292297e+00
1.927953829295499633e+00
1.941406580475638188e+00
1.952753684704528814e+00
1.990397470512098144e+00
2.026029630347141897e+00
2.066998118883656144e+00
2.068689744244514461e+00
2.151735564537242240e+00
2.181694980427432817e+00
2.219241783589774197e+00
2.275386711902652070e+00
2.287891548309869627e+00
2.305218109525225323e+00
2.305259657067901813e+00
2.343844601064366984e+00
2.388139495777849675e+00
2.402684788367444924e+00
2.411019444939388023e+00
2.440858088742851706e+00
2.451005250270767544e+00
2.471661882640126429e+00
2.508096931534902652e+00
2.520667409389574676e+00
2.548553492915375696e+00
2.584416283496291822e+00
2.604710489130899198e+00
2.611380155681021442e+00
2.686721386333623229e+00
2.689871404620370221e+00
2.691516952538146157e+00
2.743035147649217631e+00
2.753896081484525915e+00
2.761595239837024263e+00
2.813039179880977958e+00
2.883396365527634675e+00
2.922241039508673754e+00
2.944728040270122804e+00
2.958921057951299449e+00
2.998754251785332059e+00
3.139538596532499781e+00
3.199471443389778624e+00
3.218960341415288973e+00
3.322811379187258662e+00
3.354082440205823357e+00
3.387256798935560642e+00
3.406859061353181062e+00
3.444221301926930767e+00
3.486714516257495955e+00
3.555969701107929648e+00
3.602900142404015238e+00
3.666622072537756516e+00
3.767230117420772295e+00
3.777389641563996037e+00
3.810902859076950477e+00
3.829426440666040321e+00
3.843107710632018836e+00
3.847331223187769211e+00
3.899962464149046681e+00
3.938646458515492554e+00
4.002248799264763512e+00
4.042913183385183906e+00
4.081737639018178321e+00
4.179192971764454256e+00
4.242790481903825572e+00
4.276964304215166379e+00
4.296640745274678430e+00
4.301983843082718195e+00
4.338093811273287415e+00
4.438432743158971405e+00
4.562286492051549125e+00
4.600802629911513009e+00
4.639487473510721216e+00
4.670655706854023315e+00
4.678887036639275188e+00
4.793417303073360003e+00
4.825007577961873295e+00
4.876584110168556307e+00
4.920332639461285851e+00
4.925639543027005018e+00
4.976383603248806686e+00
4.980609348706250827e+00
5.016597683163025678e+00
5.017092199757634319e+00
5.034308891916547957e+00
5.208017930815970864e+00
5.213553231810647226e+00
5.327829026302462800e+00
5.358973736193902049e+00
5.379370214322312549e+00
5.394376961894591815e+00
5.394682153376519906e+00
5.422216175544127381e+00
5.475531356735331201e+00
5.477142758132394817e+00
5.480943636250088069e+00
5.485154698804725726e+00
5.553031457825774453e+00
5.572442475117047600e+00
5.592339718092683931e+00
5.638536652783933789e+00
5.653088984357736102e+00
5.680944834909397834e+00
5.734073352152835312e+00
5.793491310066277933e+00
5.896965004915689867e+00
5.904842971444515420e+00
5.931373830880620091e+00
5.940787811954250763e+00
5.949241268237158486e+00
5.974131276160156823e+00
6.004030703429283022e+00
6.012299483170640890e+00
6.043199469455660555e+00
6.121436119680311094e+00
6.143115339667938102e+00
6.218489772478676514e+00
6.274062842768324266e+00
6.305256442920527782e+00
6.334501430693256552e+00
6.361839721694549254e+00
6.384714677162016017e+00
6.396301981380316803e+00
6.477547706207103850e+00
6.517824935748190107e+00
6.525748358113147241e+00
6.526550648288451661e+00
6.537432927932951721e+00
6.554353078272251665e+00
6.633493313145693904e+00
6.637823248432432877e+00
6.656116178088389290e+00
6.755803799454856318e+00
6.791652863798729456e+00
6.829195583070807984e+00
6.847188129877311624e+00
6.875922934890193794e+00
6.912997449379274073e+00
6.933570973999169773e+00
6.936959657099138532e+00
7.008131271779214799e+00
7.065675829067537883e+00
7.086324869397657267e+00
7.169868699022716285e+00
7.271043504225258580e+00
7.280371445627507043e+00
7.287182740963671357e+00
7.313881703511162513e+00
7.331828357452764955e+00
7.347524947845283094e+00
7.418617385338875714e+00
7.466668777119378930e+00
7.484734397859893029e+00
7.546905013148323960e+00
7.552236324488418084e+00
7.591413361898663226e+00
7.601775336674620576e+00
7.620104935517453271e+00
7.627110493265653268e+00
7.655382536205745048e+00
7.669828923215277428e+00
7.752186074012200834e+00
7.760837933619316509e+00
7.789980536272553380e+00
7.813356617923534309e+00
7.855767418592242812e+00
7.889571915372488142e+00
7.896784081251021270e+00
7.985553283810410186e+00
8.033575710295131955e+00
8.076358394810325692e+00
8.122841687210902606e+00
8.158137352490706817e+00
8.257714117395391185e+00
8.260601322540464864e+00
8.301528006423582795e+00
8.322025552821870065e+00
8.328032065661451711e+00
8.355310219528734095e+00
8.434146310415750136e+00
8.438799801458424454e+00
8.456144623823018236e+00
8.563431585518177513e+00
8.574320439404111482e+00
8.613723730445276061e+00
8.666283772496734983e+00
8.673735774634852902e+00
8.709876603261546890e+00
8.731693274282273265e+00
8.780467175901693011e+00
8.824630904012725097e+00
8.830016916172867880e+00
8.841402846420956863e+00
8.854421671192868715e+00
8.949119837863960925e+00
8.956181794751264746e+00
9.005334913974808231e+00
9.018923110068799431e+00
9.079340654821482559e+00
9.093177722056459800e+00
9.150259204846760142e+00
9.165047620415210261e+00
9.180630265481555696e+00
9.189079918650971734e+00
9.247885673686928598e+00
9.320858214476043457e+00
9.393099075474925286e+00
9.402796291924987671e+00
9.409184421298217416e+00
9.448381914450829200e+00
9.458160094303170951e+00
9.466543280573034735e+00
9.472589496393059250e+00
9.516665773875967460e+00
9.526768584788634087e+00
9.529194209841628904e+00
9.574012619539978175e+00
9.581078907228844699e+00
9.604930874623345716e+00
9.637225639507557062e+00
9.640241769846802811e+00
9.705192286729955597e+00
9.715619797118916878e+00
9.721822089800152611e+00
9.723037612781375572e+00
9.741571657764350078e+00
9.761546474243662175e+00
9.779481026227658802e+00
9.805865865705294837e+00
9.809672128266250013e+00
9.877116406176691399e+00
9.919274057140034628e+00
9.954513174069031578e+00
9.956172481414975906e+00
