-1.534963258611865555e-01
-1.450423290572960267e-01
-9.479852603849969750e-02
-5.958581122154665843e-02
-5.682870213561611039e-02
-2.914365749283903684e-02
-2.881347010269935671e-02
1.505402196613472854e-01
1.519869681983925802e-01
1.658690213021035142e-01
1.759522245315480737e-01
2.026017156000791686e-01
2.265814440593500456e-01
2.340144488931406586e-01
3.456418800163759131e-01
4.512951301653360114e-01
5.057890209801194636e-01
5.089842775137654041e-01
5.305613331154181989e-01
5.485954805461374928e-01
5.764633694460332691e-01
6.002267811044157408e-01
6.052359005192788910e-01
6.057657510701395243e-01
6.108117364287473094e-01
6.333624677056961527e-01
6.543916815069632520e-01
6.647692381290140062e-01
6.929392878665523448e-01
7.676230873570741853e-01
8.139158390528871134e-01
8.142737239623267786e-01
8.957967328866467405e-01
9.077919472595337158e-01
9.140484261476462535e-01
9.445747650831748388e-01
9.831785234727494771e-01
1.032813395322289107e+00
1.033648200542151230e+00
1.131378980658001243e+00
1.134140039570875169e+00
1.138637798002842816e+00
1.142987890395864348e+00
1.165640021533872028e+00
1.242222034844883805e+00
1.354430157986496353e+00
1.382362176392120112e+00
1.400819374566799835e+00
1.430811541966010347e+00
1.436897557692080829e+00
1.504756831959756402e+00
1.505006223608924776e+00
1.508675748083919688e+00
1.596770335324112278e+00
1.600450148249003890e+00
1.601464054313950003e+00
1.605247960159176257e+00
1.635804964095763703e+00
1.680764976897461738e+00
1.687226880014357944e+00
1.717111451957381574e+00
1.754392444733393175e+00
1.767946190851290789e+00
1.778948485905170518e+00
1.812556418641095179e+00
1.865415905866930180e+00
1.906900344907485723e+00
1.915116023382383625e+00
1.981931416400802837e+00
1.990736687528184001e+00
2.048096386552065162e+00
2.133716807583533548e+00
2.166928592740902992e+00
2.190022711663020871e+00
2.191789155316948623e+00
2.199812597133597780e+00
2.237169915727772906e+00
2.243208385655304227e+00
2.255678582825825007e+00
2.335569369484105096e+00
2.396284410839484291e+00
2.407505124691617926e+00
2.450559064006046395e+00
2.478463041333621053e+00
2.505034550493494550e+00
2.552240182477933494e+00
2.608515220512194865e+00
2.627940692091171648e+00
2.719912995365723951e+00
2.726327047462569819e+00
2.759197475889286544e+00
2.800539092286826737e+00
2.891236391678774886e+00
2.961764629018575068e+00
2.969216893749595521e+00
2.969473535107422180e+00
3.006674516162261224e+00
3.020771327878805312e+00
3.054627201708796314e+00
3.151894671954138527e+00
3.183264686168252755e+00
3.201932661020618021e+00
3.209525367228633019e+00
3.224513522394472531e+00
3.236139305102433195e+00
3.283939393282189645e+00
3.290564096669323924e+00
3.323891842488166937e+00
3.375477238976674510e+00
3.419693765359735682e+00
3.442336225964361063e+00
3.450082780025428342e+00
3.596157222884546201e+00
3.621426527427849429e+00
3.656277820707049653e+00
3.670048672828055913e+00
3.677495733084524154e+00
3.681822117787472592e+00
3.724910546332091510e+00
3.747362863049101822e+00
3.760166006437613451e+00
3.790074636046486756e+00
3.912937787094289632e+00
3.934897520086885869e+00
3.943100855426806106e+00
4.003180295462886562e+00
4.023218775346664167e+00
4.057398825558136579e+00
4.072999990012730720e+00
4.139838930251515059e+00
4.247849211449354456e+00
4.281952612182428730e+00
4.322727013255946993e+00
4.353383762371589860e+00
4.358474204049326950e+00
4.410136366645625472e+00
4.445237750287215128e+00
4.445422652790986362e+00
4.487299378329890231e+00
4.776080974574572480e+00
4.815335874731162313e+00
4.873903023533658008e+00
4.875300534498454574e+00
4.927586914062335843e+00
4.949810865879840982e+00
4.988600011509771726e+00
4.993769405652381366e+00
5.113539992744124518e+00
5.155471489303687704e+00
5.161965997550566065e+00
5.170672205528774157e+00
5.181896419373825502e+00
5.231442309833188808e+00
5.244649593460695591e+00
5.252401137822372945e+00
5.270771283435284005e+00
5.307276217142247177e+00
5.377565932708653129e+00
5.384247002001574245e+00
5.423655416697974907e+00
5.433811445229250303e+00
5.464997045223950245e+00
5.465748336612161751e+00
5.469645547548772413e+00
5.501774488934592533e+00
5.510926179393974778e+00
5.519510652424587605e+00
5.602032405143444471e+00
5.626316298250257475e+00
5.634763057531400499e+00
5.650253439463174487e+00
5.663977956605521946e+00
5.706083847995810920e+00
5.714521280491598354e+00
5.778704448872673538e+00
5.872434419541441741e+00
5.888556077734607541e+00
5.897581670176079705e+00
5.908172853909219313e+00
5.983827936832450511e+00
6.046427254327794820e+00
6.088829145300508117e+00
6.456889027836586692e+00
6.490165257454854952e+00
6.500409370245098017e+00
6.500859996045111444e+00
6.528101613112389678e+00
6.529841685602326251e+00
6.679608303328000041e+00
6.689631022997425625e+00
6.714517015868112892e+00
6.780342419192233905e+00
6.824784262269358415e+00
6.849406563820799043e+00
6.874149627751109826e+00
6.911517805939357828e+00
6.976462115151170096e+00
7.003364819021522081e+00
7.039882073907445914e+00
7.075316242386533006e+00
7.216119317506645814e+00
7.303395178708193214e+00
7.350314956218178430e+00
7.357914189689847007e+00
7.364068208871517918e+00
7.371371256108846026e+00
7.418405286987644232e+00
7.425389629685839488e+00
7.440463886509808056e+00
7.515790722658771017e+00
7.516858510131985582e+00
7.525906535660209506e+00
7.569670411075545502e+00
7.600170580336277126e+00
7.641777912352908153e+00
7.656156536887912090e+00
7.685788738029976308e+00
7.693942932078218888e+00
7.694597266063886387e+00
7.698714383463846289e+00
7.771321885879362235e+00
7.805606695125756112e+00
7.848794577920014781e+00
7.856100945647296108e+00
7.862607400308802674e+00
7.883325986808420005e+00
7.907128146120919077e+00
7.936412787785923406e+00
7.937385982371901072e+00
7.960348474111360595e+00
7.961645118642349139e+00
8.043132879383763978e+00
8.114098034046188346e+00
8.114147285531764453e+00
8.180308171864588473e+00
8.195636756601480499e+00
8.269533491255327107e+00
8.340929363801759422e+00
8.392281061557602229e+00
8.395713421494617634e+00
8.434336457735511772e+00
8.438373706270096974e+00
8.594957726981641954e+00
8.640361660313542913e+00
8.654788414318117518e+00
8.671327235559983748e+00
8.675901450868906295e+00
8.707062809842831541e+00
8.719218646958175611e+00
8.723701437911355328e+00
8.737906617244012963e+00
8.790248646365984797e+00
8.869236681501945441e+00
8.897125745728583723e+00
8.952167183929145011e+00
8.967104740683286224e+00
8.972509769875681940e+00
8.998602069070781084e+00
9.011885553879269040e+00
9.082261257762752393e+00
9.092704763674017698e+00
9.093877037317941614e+00
9.123050055205771613e+00
9.142900608897297943e+00
9.166981039996787928e+00
9.205166426485641651e+00
9.288090396286420969e+00
9.296701984163131982e+00
9.312393548260098797e+00
9.316805808695555413e+00
9.354533460502857167e+00
9.421507952582533818e+00
9.427756318331230290e+00
9.444500833408977059e+00
9.505894862407030743e+00
9.512564135717385128e+00
9.518902686844670669e+00
9.561772135462573985e+00
9.570316624611452383e+00
9.579151169219549899e+00
9.602927660286601608e+00
9.624128799477649210e+00
9.659772634379153899e+00
9.713364565283157503e+00
9.722171739613003183e+00
9.744252228419771455e+00
9.759397772202126120e+00
9.772533128176659645e+00
9.799669105365479638e+00
9.911512606299517358e+00
9.967446622980759230e+00
