-1.950046410591683432e-01
-1.610521858311998733e-01
-1.389959051341180807e-01
-1.384359532676802951e-01
-1.278969861575390277e-01
-9.913268635716306065e-02
8.948035877181764741e-03
5.371572364808807620e-02
6.100161201112225262e-02
9.975333167557159930e-02
1.233558089753871712e-01
1.691779409888786168e-01
1.730246696088226788e-01
2.001359639665067913e-01
2.055191505474243674e-01
2.305595117631964452e-01
2.321930197183655897e-01
3.126964522567021176e-01
3.501819899267819003e-01
5.078622982501348471e-01
5.185860651635147978e-01
5.373068832816949580e-01
5.959045122507500292e-01
6.163775756224794122e-01
6.357267710275953387e-01
7.000248551860943635e-01
7.030483960852516034e-01
7.229913540840320341e-01
7.746031646389919256e-01
7.780886245292402137e-01
8.034522062289617406e-01
8.228296396643650645e-01
8.648074159943415218e-01
8.768442844194481722e-01
8.774117081154018116e-01
8.988061884655900169e-01
9.057654413699458562e-01
9.106665125895696544e-01
9.816687994117725413e-01
1.010239437267814733e+00
1.090456268181968502e+00
1.097404934308398028e+00
1.227391829941121948e+00
1.236040441126621259e+00
1.251753608635075787e+00
1.266128206517538102e+00
1.313081533171819970e+00
1.324275123042844005e+00
1.330943043238965506e+00
1.348538236575973492e+00
1.361151206378321987e+00
1.384988863282321958e+00
1.405031867635881726e+00
1.438812870448820780e+00
1.464219276025131578e+00
1.474521860188593214e+00
1.487705462461297312e+00
1.502221104880062885e+00
1.523352585168383566e+00
1.524262956354008214e+00
1.576381543324737233e+00
1.611237844109592920e+00
1.626300949912273142e+00
1.674774373527757820e+00
1.674992424149151615e+00
1.711674796750683347e+00
1.721718152092076792e+00
1.785840830260517542e+00
1.787077035511255962e+00
1.908119104673502653e+00
1.912697497485812415e+00
1.937470009524249859e+00
1.954403774293256513e+00
2.017772523757028758e+00
2.079144095200013087e+00
2.089444569824271181e+00
2.151907921835976012e+00
2.201092692744944124e+00
2.225765773598552766e+00
2.229704211889150578e+00
2.241383574479030916e+00
2.271327837251514215e+00
2.283079055908423527e+00
2.322389516278500210e+00
2.335409653908898431e+00
2.354290249162893645e+00
2.396841139048950797e+00
2.426783069470978660e+00
2.430269460257469927e+00
2.493331440882412320e+00
2.499766682125663220e+00
2.507918595519329497e+00
2.515467040503170271e+00
2.528700940937113284e+00
2.567064761197975997e+00
2.634655776436214403e+00
2.668586287435274151e+00
2.708307954449264976e+00
2.713206288040233005e+00
2.754991818810626381e+00
2.775196256710748877e+00
2.799051608429604432e+00
2.821549604473104544e+00
2.825707962681439867e+00
2.837628004077029420e+00
2.862593246244673484e+00
2.873883152626230064e+00
2.874861675827439900e+00
2.906194469445825490e+00
2.923038265418632431e+00
2.927281473607337592e+00
2.972145177847900221e+00
3.085074578766876741e+00
3.131599599048982441e+00
3.167575804992819322e+00
3.177574902291690151e+00
3.248886974554651363e+00
3.250816681867644942e+00
3.275991247071514678e+00
3.322369751269395266e+00
3.325998320920490858e+00
3.376279540177745453e+00
3.384353336094740872e+00
3.416254488759314256e+00
3.431291886675643887e+00
3.450888812605537481e+00
3.454497035347463552e+00
3.461974229694777971e+00
3.605798869462094380e+00
3.749360241850264952e+00
3.865788807220207346e+00
3.866077101366905744e+00
3.896163212900018102e+00
3.907636952961813570e+00
3.923078699285963644e+00
3.938622840133928271e+00
3.940325789570169768e+00
3.965787894644163813e+00
3.975878718411873791e+00
3.982266502546464970e+00
4.007830577502580205e+00
4.012308997856234960e+00
4.053089946254297082e+00
4.142896374415029115e+00
4.183755980760476945e+00
4.274204548777984058e+00
4.278947079847061907e+00
4.328292213930097887e+00
4.458973289618369584e+00
4.490394323806308208e+00
4.548560226823251007e+00
4.575988412173912501e+00
4.635810135922151076e+00
4.636771628629278830e+00
4.643235910556613888e+00
4.668824436078615747e+00
4.717136169346724195e+00
4.760708728058125061e+00
4.763988758184463101e+00
4.769133813448891424e+00
4.810326071197148501e+00
4.848536243856844230e+00
4.907975654587851011e+00
4.931706054158150110e+00
4.955978207572047545e+00
4.983003296162824114e+00
5.117404481119437243e+00
5.141898169593274837e+00
5.162990052983051470e+00
5.186849822511121921e+00
5.261346147288182173e+00
5.301617042609417574e+00
5.379502969988627648e+00
5.421293193839971103e+00
5.428963363999456782e+00
5.431009072803567150e+00
5.449340321194870995e+00
5.499038538632339268e+00
5.511061839998398604e+00
5.517572905256916904e+00
5.700354075710018620e+00
5.706749420957442531e+00
5.708039413664563355e+00
5.726973662300653523e+00
5.793843645498062855e+00
5.812175140389044259e+00
5.820848982108250524e+00
5.840954933781269176e+00
5.920693582877620820e+00
5.927787688548219691e+00
5.985299518909393157e+00
6.058162408533118715e+00
6.108276317718488002e+00
6.116471951599218748e+00
6.181840078493313406e+00
6.182229408751274136e+00
6.194577611812005280e+00
6.221551377090047907e+00
6.227677695236433664e+00
6.228228316142859100e+00
6.249006903682096770e+00
6.265046451799945793e+00
6.332014615902648025e+00
6.339396721024106895e+00
6.410610458025986169e+00
6.461798708476145237e+00
6.548104165895370699e+00
6.557333195652621072e+00
6.571341748936526450e+00
6.582608919266419889e+00
6.644757283552666038e+00
6.651979898474412956e+00
6.655898821465336290e+00
6.661581230144642873e+00
6.751425670561451042e+00
6.752353063191308458e+00
6.767961720369420675e+00
6.803397325363204295e+00
6.848334827027896310e+00
6.869231161765741334e+00
6.891906269259352236e+00
6.918395566317880885e+00
6.946134821038278062e+00
6.968677792150487882e+00
7.006907084498563698e+00
7.028368706783073350e+00
7.078649587446668612e+00
7.094005835868928855e+00
7.097968259429578097e+00
7.116488290828166363e+00
7.130456986246597850e+00
7.133011477502153141e+00
7.133739229423047057e+00
7.226067055113093218e+00
7.241974415508668272e+00
7.268766424516307723e+00
7.279894453119907460e+00
7.315604612815212349e+00
7.390775634069040478e+00
7.426337506619956841e+00
7.463935848484084090e+00
7.501770490079342046e+00
7.646443315274838781e+00
7.762829401721361045e+00
7.778849006045806647e+00
7.784123972004444170e+00
7.787083357183314014e+00
7.840998632833492188e+00
7.859917660242618176e+00
7.875385620669233866e+00
7.968924876716813266e+00
8.034022279403348676e+00
8.075173319537386263e+00
8.132459228221497582e+00
8.179579713128514840e+00
8.226912510882936402e+00
8.254475395905110702e+00
8.256504773491176508e+00
8.280774371718830906e+00
8.280983327897022406e+00
8.285750611758817996e+00
8.315674920676014992e+00
8.342572968067102579e+00
8.381628783419708739e+00
8.397864050631730137e+00
8.419883821179613648e+00
8.477183485821406350e+00
8.501149954683532073e+00
8.507041490387951654e+00
8.516287466658901906e+00
8.524171782671535524e+00
8.556334869627168160e+00
8.568571509319694357e+00
8.577196286914126944e+00
8.648564211166158699e+00
8.650090210653456069e+00
8.768762988852172313e+00
8.852849058843970553e+00
8.858635210714011166e+00
8.869419031021585909e+00
8.925242631028567075e+00
8.931059086775954725e+00
8.965640529032981476e+00
9.005402177250658724e+00
9.109653392075271583e+00
9.147432160304836302e+00
9.156382418406636248e+00
9.180057420807662183e+00
9.202859060383486778e+00
9.206368459300160012e+00
9.209853945954952437e+00
9.225309685487735223e+00
9.228907631177914794e+00
9.238534551785521742e+00
9.358833563061034866e+00
9.393186313307305468e+00
9.427338619963675725e+00
9.438531377702897629e+00
9.446683672068221682e+00
9.468289420009755375e+00
9.479956109796825459e+00
9.530476334265539862e+00
9.535489394211532854e+00
9.604016907339570253e+00
9.652953420871956070e+00
9.718122277583503887e+00
9.854327599006046157e+00
9.879095772965332145e+00
9.972438719571224297e+00
9.977572574322588039e+00
