-1.810076398630393602e-01
-1.532915140009940003e-01
-1.109702514449693450e-01
-4.128213483534087791e-02
3.482319927130375636e-02
6.779032585934874344e-02
7.434299103308977807e-02
8.471169292686592245e-02
8.580650454390403858e-02
8.941012187416774726e-02
9.065634223072926989e-02
1.397929914775116744e-01
2.138849983961723100e-01
2.168421103626937962e-01
2.551468753096758912e-01
2.909176824630081426e-01
2.927709029784716921e-01
3.479820254644780397e-01
4.342796788581651524e-01
4.748632797298179553e-01
4.865580476470695026e-01
5.095898108678333926e-01
5.308822948389124718e-01
5.310826129210661772e-01
6.712730784515101856e-01
6.934485897153186418e-01
7.477195778957366201e-01
7.830036958937656166e-01
8.018241966002452870e-01
8.514616891415924815e-01
9.182048457600968661e-01
9.195673616006403428e-01
9.680582144151992363e-01
9.705367266619846500e-01
1.052999422758702064e+00
1.119235591921323492e+00
1.143406578681433583e+00
1.181604771031095957e+00
1.219629305533858066e+00
1.251271341894757860e+00
1.348782463376096974e+00
1.432489682008752707e+00
1.547501087108413831e+00
1.594617717229438014e+00
1.647684501920493316e+00
1.648536466291214975e+00
1.650715184183547013e+00
1.651871439089630522e+00
1.678540999407403200e+00
1.681563458750835460e+00
1.742280375764204692e+00
1.749333856718146452e+00
1.782367188681875936e+00
1.792644407399904605e+00
1.793071353778160404e+00
1.896247092481291530e+00
1.958769690438092459e+00
2.003799569101946787e+00
2.008176662763510478e+00
2.051747392452228702e+00
2.053873065811959275e+00
2.057358983423924315e+00
2.074530814017375935e+00
2.077307306314479352e+00
2.089496533821356028e+00
2.238812951093502868e+00
2.286963807880552757e+00
2.328452223499512641e+00
2.334424802896696516e+00
2.420946759556008576e+00
2.447178794780599631e+00
2.563179318230653703e+00
2.603048523621624089e+00
2.612367081185322792e+00
2.626216156921451272e+00
2.653818934206983116e+00
2.672819403169349961e+00
2.740633344830579965e+00
2.830377090338623614e+00
2.838613788522067694e+00
2.868135358212543284e+00
2.947289006409466783e+00
2.956208858986268950e+00
2.976529074392563423e+00
2.996241876001357163e+00
2.997157851566823350e+00
3.044001066479177897e+00
3.051637957815779512e+00
3.183049302603000896e+00
3.239598744540889808e+00
3.250856244917454063e+00
3.332426848564186361e+00
3.375139782353884677e+00
3.382443612853581527e+00
3.469946038106776154e+00
3.481363207143407301e+00
3.485928033117215108e+00
3.547555789893783285e+00
3.557542387557092844e+00
3.570184706918815731e+00
3.574608306965497917e+00
3.587098065504998878e+00
3.635709789403293701e+00
3.674490977811093462e+00
3.735040353928470225e+00
3.783308838201768776e+00
3.788451852055300773e+00
3.840973121892814923e+00
3.876006632933285623e+00
3.901364047367484211e+00
3.907112041577406991e+00
4.119032404491105304e+00
4.135346958580623955e+00
4.166861593290654753e+00
4.204284187481344581e+00
4.211498028476995614e+00
4.244977909114409087e+00
4.250226144243649529e+00
4.359887806544294087e+00
4.368545109146004357e+00
4.409903878775122799e+00
4.428975768550207803e+00
4.442987521881387458e+00
4.446526543508928064e+00
4.509101215440321830e+00
4.545560383575267593e+00
4.566237505137922703e+00
4.624694735141397395e+00
4.700747256585397160e+00
4.720289434842809051e+00
4.752234013802654644e+00
4.816294809391075127e+00
4.889387112437717953e+00
4.908951461254545734e+00
4.929689447093012156e+00
4.949472949310668390e+00
4.986264674164831767e+00
5.037801242072315944e+00
5.049461053633888419e+00
5.109565118191948585e+00
5.136423353530060076e+00
5.183915228822590926e+00
5.221979888338650788e+00
5.260682189024994848e+00
5.265048881390807622e+00
5.268487241180496383e+00
5.277682199266032548e+00
5.318925354972638075e+00
5.348362206054058099e+00
5.377276406221948690e+00
5.461853054417429298e+00
5.546362416809770934e+00
5.553804379739475827e+00
5.557819497558749156e+00
5.568490019100885924e+00
5.621059314743924951e+00
5.699477030611473261e+00
5.719123730161225438e+00
5.744695292775779727e+00
5.746433763167931197e+00
5.822535166717488941e+00
5.853574323441137928e+00
5.860677528273719794e+00
5.909863519972744506e+00
5.910436996654305553e+00
5.911761415114014540e+00
5.922934341293350613e+00
5.943463538974986804e+00
6.009494805262010075e+00
6.024053068476360018e+00
6.051155119177383135e+00
6.140143709042587439e+00
6.176315597708232019e+00
6.295328951618948565e+00
6.330558820905695327e+00
6.383606314519495228e+00
6.409036352243479229e+00
6.412938086253971548e+00
6.420079528482915521e+00
6.423345342005123193e+00
6.466618891549527071e+00
6.489897037737848429e+00
6.533213861536798284e+00
6.552203540771860624e+00
6.667166953291487452e+00
6.672098829782084906e+00
6.695840755653537535e+00
6.788447226867652340e+00
6.788571302008192809e+00
6.790635489018010951e+00
6.792531437691720519e+00
6.832475451644276276e+00
6.854100081297876734e+00
6.938815216727646451e+00
6.971394729298870274e+00
7.005704789836631363e+00
7.042965127303294715e+00
7.055501958307961452e+00
7.093294001776428992e+00
7.095203688425758770e+00
7.192306347343398798e+00
7.230110832035576252e+00
7.300654763386360990e+00
7.339622710015446749e+00
7.362121111158553610e+00
7.363991291172602871e+00
7.366832790645577944e+00
7.372161468965803266e+00
7.377840849125429479e+00
7.405506292124232282e+00
7.446083866365730053e+00
7.480276473928309855e+00
7.491885385179037016e+00
7.531535536474811110e+00
7.574254402705423495e+00
7.602913799374462656e+00
7.673786164414082123e+00
7.678654418239232449e+00
7.725665790038206637e+00
7.758339634024164155e+00
7.789734363269881889e+00
7.791260768976195905e+00
7.794045266756255863e+00
7.804840159096673169e+00
7.851100173885254385e+00
7.899400708917252878e+00
7.994297351731270318e+00
8.101479106836880106e+00
8.236695775397629760e+00
8.279169801251018868e+00
8.281599513391535439e+00
8.301097355274523082e+00
8.372779354391717277e+00
8.496309777183039813e+00
8.501658647429056970e+00
8.528675965989284791e+00
8.540151223743453812e+00
8.571662115124608405e+00
8.594097714320097836e+00
8.603979843326960975e+00
8.635195493443104553e+00
8.637117389435971404e+00
8.718256908873851074e+00
8.756487992622069783e+00
8.826929306112539564e+00
8.871788474598067964e+00
8.894907363472922768e+00
8.905845783575010444e+00
8.926111949472213425e+00
8.945887129642924762e+00
8.948356812846197883e+00
8.966513656392464782e+00
8.972665836395686156e+00
8.997489544330095512e+00
9.043757385409110228e+00
9.117029651896908504e+00
9.129155925834947283e+00
9.139750348753926446e+00
9.149307709913275133e+00
9.157705464732641687e+00
9.174635803196659722e+00
9.179011806779348248e+00
9.341423462015361778e+00
9.347955703048276277e+00
9.427399783017083479e+00
9.448425182069625450e+00
9.487062188785079897e+00
9.532639763611513217e+00
9.536232432545224569e+00
9.554358262961928361e+00
9.692657343405354453e+00
9.710440176544450352e+00
9.721674870067218421e+00
9.730338382842909084e+00
9.785666316081357508e+00
9.788005933373810308e+00
9.826601705742122661e+00
9.826774739623610699e+00
9.882188737949737956e+00
9.891550644256982494e+00
9.927060394462809967e+00
9.931178635048892644e+00
9.980625051616641485e+00
