-1.795349194178487429e-01
-1.761277014313769318e-01
-1.644302344024459739e-01
-9.566008811218906782e-02
-8.411449175226899666e-02
-6.111362626834832001e-02
-5.146170004101549567e-02
1.556376883019081059e-02
2.395698963073641941e-02
5.621096725318480702e-02
6.436317029082166963e-02
9.971850362009082591e-02
1.036223305215812074e-01
1.383594486976154614e-01
1.390611967169876895e-01
1.402782908129380224e-01
1.971718821932926247e-01
2.030471459589233141e-01
2.030788549154092237e-01
2.189524624247894402e-01
2.423331823436992161e-01
2.670086348035936030e-01
3.130106355981603916e-01
3.335526321998847910e-01
3.809734419892160662e-01
3.891737320287445567e-01
4.095883660474440302e-01
4.575210018941900381e-01
5.057035769002218295e-01
6.076388392058464927e-01
6.738212823282336839e-01
6.921907862166292169e-01
7.027391819407982076e-01
7.155835332352313838e-01
7.227354444539229039e-01
9.663285755265023091e-01
1.041149903438500113e+00
1.049228822494845836e+00
1.096649390634870214e+00
1.231883536209296359e+00
1.301781289236551231e+00
1.305755038548592983e+00
1.320297436495323717e+00
1.334441129692109262e+00
1.361338826274424818e+00
1.363017684444686628e+00
1.370548963990830593e+00
1.373533751756049748e+00
1.425944328669999539e+00
1.440627905468120806e+00
1.547617726812310801e+00
1.547797575763916189e+00
1.559413294293914287e+00
1.575308683316289926e+00
1.578165249582748730e+00
1.614403798213377428e+00
1.633183178402721980e+00
1.636792044455112727e+00
1.669764480245206295e+00
1.674568578048373890e+00
1.705613575516947034e+00
1.710468347495918362e+00
1.790155622736862462e+00
1.857934833495132887e+00
1.874454435659769880e+00
1.879538755806924089e+00
1.893334818219216453e+00
1.895825026034643424e+00
1.918014598632036938e+00
1.942386962895401803e+00
1.948824997748708432e+00
1.956929559247867934e+00
2.002035474246140367e+00
2.008883461435053697e+00
2.070072862815497405e+00
2.092651961981163655e+00
2.094154031589426701e+00
2.152842214617643801e+00
2.186222398315337490e+00
2.224353355513706720e+00
2.249267478220335459e+00
2.258090884248078023e+00
2.275458473273830329e+00
2.291039358928700587e+00
2.335143678540657852e+00
2.348204405203530687e+00
2.419103833639713041e+00
2.439343636547009364e+00
2.446667344305355041e+00
2.452687296116919935e+00
2.520053203466313452e+00
2.522742910268926497e+00
2.527982855384590000e+00
2.568529256176034448e+00
2.609590142494297549e+00
2.679634623479559608e+00
2.756335434308692101e+00
2.820131549921594871e+00
2.822202480353905418e+00
2.833175116467946619e+00
2.870940401678657050e+00
2.873988229767652669e+00
2.879674959945511148e+00
3.026081448074707136e+00
3.046572404156552061e+00
3.078136747424613961e+00
3.088744290687695404e+00
3.126975962125755348e+00
3.132971042039787601e+00
3.164723809384879960e+00
3.272979082591569444e+00
3.306257536423553134e+00
3.362709199911425362e+00
3.444724336736369352e+00
3.448332806356201097e+00
3.464052110910540883e+00
3.475359391762421257e+00
3.479824340242449132e+00
3.497356108786579654e+00
3.644196487420217512e+00
3.650234030468932911e+00
3.650672954214295274e+00
3.650766423217370438e+00
3.653052079956783160e+00
3.658691941878966070e+00
3.689753118324795800e+00
3.798386258597971299e+00
3.798435010405324164e+00
3.806156213799867238e+00
3.833381852988767768e+00
3.858174112321359317e+00
3.915053043458783577e+00
3.970046850367003444e+00
3.970100363974228053e+00
4.064842902082106413e+00
4.070083483326988549e+00
4.140635748755632228e+00
4.163842530439343825e+00
4.256034815300025365e+00
4.257798158954963164e+00
4.304672381419732297e+00
4.312321866577895513e+00
4.336802437488849193e+00
4.355274592455951499e+00
4.356805618742241037e+00
4.364203280751842051e+00
4.370270099811257580e+00
4.374842134364437918e+00
4.497247262941119317e+00
4.578868904213328150e+00
4.640370660410780168e+00
4.670517929620240594e+00
4.713789255060386374e+00
4.726797686385917352e+00
4.752305992068286855e+00
4.758442250228283044e+00
4.779412016553052922e+00
4.789148976593627260e+00
4.811795293746693680e+00
4.823590738424050173e+00
4.848774784246057123e+00
4.931182257593386353e+00
4.966693851718614106e+00
4.989669227402554696e+00
5.076650279956068879e+00
5.100600541795533793e+00
5.120808354788582761e+00
5.138422850027546396e+00
5.203157815983781909e+00
5.307438508558561807e+00
5.318024874975204597e+00
5.357934413755984338e+00
5.367074126559451486e+00
5.432400683637167660e+00
5.440542321573644813e+00
5.451657254404630670e+00
5.452231928252643911e+00
5.499601115630655457e+00
5.505151926982531307e+00
5.526872269692577611e+00
5.543664548137599901e+00
5.576599795631966394e+00
5.578547643914894216e+00
5.592622483534166022e+00
5.630519918212169017e+00
5.702407811815643157e+00
5.735159721169611480e+00
5.821955653887039617e+00
5.835493774580191584e+00
5.855682171784025059e+00
5.871515720223967172e+00
5.887552236251387683e+00
5.896427633890315434e+00
5.901326934858450279e+00
5.906959669875573304e+00
5.942629399051801542e+00
5.961482279014832741e+00
6.011340173873473525e+00
6.016076891188170350e+00
6.027159783298324136e+00
6.090019314663116745e+00
6.192113842375993826e+00
6.247678466625533389e+00
6.340416904225429029e+00
6.369457982835227128e+00
6.384274710198422298e+00
6.401276974299920042e+00
6.411374014423820711e+00
6.445273906941643816e+00
6.505012816410021159e+00
6.584951566488756569e+00
6.588789944923794550e+00
6.639786799863259148e+00
6.657810119488867251e+00
6.689202911118146133e+00
6.702086336846403647e+00
6.735960648008112450e+00
6.739305728955264030e+00
6.814362746310390406e+00
6.831849577420719299e+00
6.854096576706324662e+00
6.864937310180888375e+00
6.946407100970129811e+00
6.966899261749111005e+00
7.013279487673100832e+00
7.035585519152578904e+00
7.095190011234674188e+00
7.099126798032759922e+00
7.188185736098787082e+00
7.239427786317889080e+00
7.255444923010862190e+00
7.256787428757024649e+00
7.274091316276715347e+00
7.383655526402212566e+00
7.465054267078921058e+00
7.484462405913847149e+00
7.492758044172235898e+00
7.499584069912581974e+00
7.545298046333426711e+00
7.550318536954911508e+00
7.575611785670404608e+00
7.602752077043148482e+00
7.642460575801880651e+00
7.666044472124125875e+00
7.733405838882475791e+00
7.804395496484384687e+00
7.821480988286197977e+00
7.911971337359944734e+00
7.935028838291855457e+00
7.935126179632111310e+00
7.937332210333120308e+00
7.955531365674732847e+00
7.958970672052122275e+00
8.033337680022698990e+00
8.137975819572313085e+00
8.149908325322497760e+00
8.157973593857928307e+00
8.179309505938441305e+00
8.188511315583671291e+00
8.195014312528060785e+00
8.207707946715217417e+00
8.240385044885583099e+00
8.253161224113705785e+00
8.257110083811369350e+00
8.261756587240055794e+00
8.261826174027081748e+00
8.400332846980218093e+00
8.426474580993684071e+00
8.464695552172688764e+00
8.466167027067365680e+00
8.512883398772748578e+00
8.514382696818119101e+00
8.573953041667236263e+00
8.575764856991243690e+00
8.596847690196897318e+00
8.630660016311789917e+00
8.640391571264554926e+00
8.733141772701003447e+00
8.753296781012201322e+00
8.758732593983873826e+00
8.837045018546291431e+00
8.844610999279744590e+00
8.846731569174723475e+00
8.906903998071756590e+00
8.914463122743073953e+00
9.006217005540133158e+00
9.009131478327015330e+00
9.048974622108481469e+00
9.061094461767160269e+00
9.067187283256444630e+00
9.068844741632606343e+00
9.126676904307997162e+00
9.128163927456601101e+00
9.160111612895343924e+00
9.178130078519796342e+00
9.230041093899282956e+00
9.246912713223020219e+00
9.332220283879646416e+00
9.343515255953535714e+00
9.348752682660764535e+00
9.403455238469350164e+00
9.431111005853599849e+00
9.452704132765898493e+00
9.459687105096815429e+00
9.489128884418216003e+00
9.518561530155732697e+00
9.618230262601844771e+00
9.634649082556450139e+00
9.648785003424009687e+00
9.659043082285462489e+00
9.754664478343530121e+00
9.791233338887527893e+00
9.795050638303308688e+00
9.803238092029546991e+00
9.812977337378342213e+00
9.874226788565296786e+00
9.894158895914777929e+00
9.905457885597488854e+00
9.932310550606635147e+00
