-1.956623565793829123e-01
-1.727719991633248353e-01
-1.329508581437154335e-01
-1.164702075102227591e-01
-7.854091563499662754e-02
-2.000759526597528648e-02
-1.424839293722637845e-02
-9.199975288531447859e-03
2.304977051387574472e-03
1.440891345640596399e-02
2.373479111633097771e-02
2.833037351007994253e-02
5.012103386870120358e-02
5.139742612161724011e-02
8.339621531362612084e-02
9.656677605683855470e-02
1.007553384243664030e-01
1.694417420634927174e-01
2.186132034896933196e-01
2.279519453065603773e-01
3.013164934635170211e-01
3.562768475961772263e-01
3.808458543010133091e-01
4.181518563481603779e-01
4.264884402377612793e-01
4.477603688377799762e-01
4.581413759295808741e-01
5.346973623145496735e-01
5.479882095157526667e-01
5.837258112214807060e-01
5.888413674055683611e-01
5.915051333279432999e-01
6.067311146438385538e-01
6.388471771889425721e-01
6.482663194375506421e-01
6.504088486117376444e-01
6.647166410418738902e-01
6.818235761545159423e-01
6.885989149583935376e-01
7.087341863734994973e-01
7.301344060146344184e-01
7.849831490639107567e-01
7.914370637913805684e-01
8.595471341930931430e-01
9.778428316417984156e-01
9.908483426647975989e-01
1.002530267850815227e+00
1.039293430978601940e+00
1.064666129415275275e+00
1.100972791070624401e+00
1.156429708122158617e+00
1.182183742539599569e+00
1.184203045429031764e+00
1.192981046972632297e+00
1.209898625052483467e+00
1.227732821010605768e+00
1.244850997508506252e+00
1.268703062307462659e+00
1.397932536575705598e+00
1.406904579877535477e+00
1.428319249607616692e+00
1.430894431164783764e+00
1.474929596391339137e+00
1.523254615087604069e+00
1.533691207302296577e+00
1.653555534093010815e+00
1.666499177709253487e+00
1.687041971049234146e+00
1.715115765300933903e+00
1.815415818545522919e+00
1.852491418459935479e+00
1.884114234929240128e+00
1.908639872532625459e+00
1.924773888471008609e+00
1.958083278011477857e+00
1.992006508578360480e+00
2.030068227944752390e+00
2.058422924446787317e+00
2.092353539516479177e+00
2.155830237969130980e+00
2.158335372756044812e+00
2.230235470826301913e+00
2.240304080293823663e+00
2.264632577950208780e+00
2.266718659826987725e+00
2.273807714094018273e+00
2.283808548127747695e+00
2.301469899737154101e+00
2.357975916867270261e+00
2.382604214611910187e+00
2.414427575644561230e+00
2.428002683051521338e+00
2.552637246894889245e+00
2.562725254930966035e+00
2.586102790344657620e+00
2.603266937054141916e+00
2.627503160203997101e+00
2.649024943346387495e+00
2.681751129178663096e+00
2.695834647483334123e+00
2.706187527575010687e+00
2.724792072038170865e+00
2.757974035802616797e+00
2.782051766215221544e+00
2.826884855232590255e+00
2.904427843846965729e+00
2.940515813851741989e+00
2.954792786648751335e+00
3.039995233884920545e+00
3.095562244463289758e+00
3.119133692403540437e+00
3.122798749759716941e+00
3.162157647290811724e+00
3.228735347060415428e+00
3.232899578990892753e+00
3.250613760003308261e+00
3.262159398951333777e+00
3.270302080140481404e+00
3.283432231047853200e+00
3.383541049842384130e+00
3.393116267094038463e+00
3.452142593512018465e+00
3.511271882749688711e+00
3.521411064588673145e+00
3.569865378651567056e+00
3.572199403908761006e+00
3.590173114541611366e+00
3.593352308974719467e+00
3.603978183790374601e+00
3.683508162093874105e+00
3.685545909633886286e+00
3.796012417548240592e+00
3.860346282012305785e+00
3.870231124522476307e+00
4.005670028258057513e+00
4.025492524438773145e+00
4.246202885273866912e+00
4.257367147617280523e+00
4.264432757634992299e+00
4.283184854764678917e+00
4.289290576987956349e+00
4.300656197823422566e+00
4.300907971418137521e+00
4.311030081952742066e+00
4.379208263750991925e+00
4.496596479454863626e+00
4.523062130755191923e+00
4.525436443485384430e+00
4.541564772404165673e+00
4.543685107567733361e+00
4.547759912882326283e+00
4.737144011681197142e+00
4.758048173251754775e+00
4.788038393973879536e+00
4.913468529620589109e+00
4.930335937277655844e+00
4.934925069285267085e+00
4.954272856774246669e+00
4.956090293947130299e+00
5.070028255742379031e+00
5.089329352316289246e+00
5.102096684429592521e+00
5.108886853504349901e+00
5.157617169411802927e+00
5.169806136525110674e+00
5.223247877850239362e+00
5.261008921402750893e+00
5.363447377393933735e+00
5.384711770785041374e+00
5.395957340624378595e+00
5.466248062039951172e+00
5.518829260036125284e+00
5.562191745289650768e+00
5.669886991242949037e+00
5.696337282811401614e+00
5.800781743215766006e+00
5.827006094469408204e+00
5.838781843619630152e+00
5.838959247640820749e+00
5.877939761137312757e+00
5.920507684147334970e+00
5.934352036432388289e+00
6.013875466035148776e+00
6.015520097453721959e+00
6.067063241326883904e+00
6.178416360512233751e+00
6.179049792283031195e+00
6.206724639035090973e+00
6.239900679328997946e+00
6.244256640601652641e+00
6.360246667087538164e+00
6.390151174274069312e+00
6.410550592816921522e+00
6.419720694212858625e+00
6.432464632724462561e+00
6.443056839944224734e+00
6.443812759154385894e+00
6.485819731605075411e+00
6.494497455409088182e+00
6.497627815693187259e+00
6.545069230823306938e+00
6.586641362117591214e+00
6.597567768933485510e+00
6.632318033715071337e+00
6.637500926722257333e+00
6.654221723786174714e+00
6.674808706805379188e+00
6.750489715000513868e+00
6.825553402699905625e+00
6.864952282313228515e+00
6.875313586367578722e+00
6.908682049822915339e+00
6.915217699296324128e+00
7.000594726583082128e+00
7.006667664437826737e+00
7.088077440643198557e+00
7.088881123935718342e+00
7.103014975721478663e+00
7.195865285957636637e+00
7.233655126868645091e+00
7.271771498948206514e+00
7.283806326947173559e+00
7.372400410609165178e+00
7.390284586636874486e+00
7.514084379408712877e+00
7.546770499499088736e+00
7.584968218250187633e+00
7.607969183593326967e+00
7.652080643298765139e+00
7.705167805715507079e+00
7.709390656672584718e+00
7.747424720756438177e+00
7.748381939761360471e+00
7.748675540021278785e+00
7.782910872212636555e+00
7.851383045935260263e+00
7.852944276784277200e+00
7.895574055253955059e+00
7.900614127040920032e+00
8.009577946856410335e+00
8.053027264483674230e+00
8.112176416769015574e+00
8.145685232394942688e+00
8.147630856147095813e+00
8.148346355806989294e+00
8.149622391132204768e+00
8.155955923922356021e+00
8.158853924735462115e+00
8.249523578300410165e+00
8.274633910695298411e+00
8.338547403117569701e+00
8.375374978818324934e+00
8.405910948538824812e+00
8.406196752069714506e+00
8.437863761053810308e+00
8.437898863676261740e+00
8.440305284304889355e+00
8.446066645367015013e+00
8.479544687220744947e+00
8.504215584556218843e+00
8.560966606624534236e+00
8.644838933370484924e+00
8.811979528125014838e+00
8.815750971364803235e+00
8.887285588341244491e+00
8.893266247865264873e+00
8.895498543426375804e+00
8.910355419992761483e+00
8.949440659282778654e+00
8.981947020660363989e+00
8.991856605592715823e+00
9.024107144315712148e+00
9.042402357352004927e+00
9.179218760433942137e+00
9.204218419080254066e+00
9.241042358572432391e+00
9.242341193107964870e+00
9.254049598602204441e+00
9.304703600301333921e+00
9.538798648704371885e+00
9.557403249054678085e+00
9.639703598721990119e+00
9.710518116675286748e+00
9.733492394517218926e+00
9.762169550235137550e+00
9.776020813438359269e+00
9.788220813831193468e+00
9.792746942895453444e+00
9.929435150909791119e+00
9.937249767381233667e+00
9.969007534025683626e+00
9.976079732720140925e+00
