-1.123662882221476700e-01
-2.572853598036703437e-02
-7.714247412523855818e-03
-2.694502202732540486e-03
7.671615662142122760e-02
8.672983808347523027e-02
8.898368304771281379e-02
9.138686001491003186e-02
9.231131682139243066e-02
1.386659896677066572e-01
1.862556476327131283e-01
2.818677251922607763e-01
2.902689007139801491e-01
3.546144612534345986e-01
4.102295919719331496e-01
4.547042321781041285e-01
4.662624656274286239e-01
5.189216822577580324e-01
5.403897549558207558e-01
6.361880784715843173e-01
7.003451363623729442e-01
8.133415448946490489e-01
8.435955426541545954e-01
8.562715470210942037e-01
9.055601439520544194e-01
9.105194404200105396e-01
9.254882928129510855e-01
9.480291837313081782e-01
1.046424107889142308e+00
1.113764856292140060e+00
1.133419770518576675e+00
1.135210163486727319e+00
1.187058536083508420e+00
1.201100643866161777e+00
1.234086807565215604e+00
1.280525353804437216e+00
1.426718032461768093e+00
1.470356984070207984e+00
1.489128934714417873e+00
1.525931664864792481e+00
1.556593921242096945e+00
1.593569344851377467e+00
1.643119678988552046e+00
1.682083207025907079e+00
1.683498549374228936e+00
1.750597206816902229e+00
1.764591390824861605e+00
1.787963751629246811e+00
1.807562360340417618e+00
1.823633953256144524e+00
1.855980468727865373e+00
1.907796065852549239e+00
1.968328406170896328e+00
1.984979250223758873e+00
2.014855989377649870e+00
2.039256487646133653e+00
2.057774692418627982e+00
2.092205484196206999e+00
2.109914134504062400e+00
2.145718228759578405e+00
2.166731727198825119e+00
2.246476395632549750e+00
2.271983823289352777e+00
2.318008154170738688e+00
2.376408985429744991e+00
2.382746556803874149e+00
2.385036450261014629e+00
2.400281491231656794e+00
2.421248682140035413e+00
2.450723413965975706e+00
2.533391972092337685e+00
2.563528457954459938e+00
2.649881656118495687e+00
2.691600115269281890e+00
2.696298695361457831e+00
2.704898393113449817e+00
2.728197918894654794e+00
2.800044329199419035e+00
2.811629284187624034e+00
2.819735440922485736e+00
2.873047693985096185e+00
2.881162327628150166e+00
2.951863753460632900e+00
2.958316153492684730e+00
2.968194350633611922e+00
3.022319052534189421e+00
3.062167538524500188e+00
3.063413957581195390e+00
3.070382730250935666e+00
3.083503686859670356e+00
3.106115259306101439e+00
3.137521496073614635e+00
3.159192095784773890e+00
3.172816514352083672e+00
3.180717708314349856e+00
3.203995721676383024e+00
3.222683099577157151e+00
3.253405101274068123e+00
3.258283206876662064e+00
3.333378273903893962e+00
3.362493312602374829e+00
3.377293652755369191e+00
3.401210784833300860e+00
3.459395645145129983e+00
3.487197996503685005e+00
3.520601957833781714e+00
3.535052640633832510e+00
3.564957121038913712e+00
3.644932674082350665e+00
3.703183762032551840e+00
3.718229998731951813e+00
3.735914895389599089e+00
3.852552025469774932e+00
3.872015470523899161e+00
3.872106404903432164e+00
3.884734370841243845e+00
3.894241083881470722e+00
3.910961858202508523e+00
3.995151275997091744e+00
3.996101197812270911e+00
4.022777996855983140e+00
4.061367399598466932e+00
4.097879335657560240e+00
4.098671036160497216e+00
4.123874915317605527e+00
4.159661601480079796e+00
4.187949029802327416e+00
4.354825994403128675e+00
4.520465512411369069e+00
4.538520461297573583e+00
4.581266329159476847e+00
4.625915577299532622e+00
4.688276724717531430e+00
4.705203082271710358e+00
4.706393560418862698e+00
4.769912316312846734e+00
4.780569551621464797e+00
4.800828586915922180e+00
4.823119678675256594e+00
4.825681562091636678e+00
4.829708835549350709e+00
4.908086462767083269e+00
4.910991896411828428e+00
4.935665196444175784e+00
4.988115203199729564e+00
5.013015828395669615e+00
5.039988539987959371e+00
5.046422800023675492e+00
5.065931114032159677e+00
5.093158313949730953e+00
5.137504169682816091e+00
5.141653296425394259e+00
5.150065107414117271e+00
5.227192452230048580e+00
5.236111417364905485e+00
5.276192028535412248e+00
5.360458990785931022e+00
5.418122138949365230e+00
5.445913378392209125e+00
5.479511791964474021e+00
5.489567225884458779e+00
5.512322971549790118e+00
5.558019256761950189e+00
5.569273663080129388e+00
5.645541464352710648e+00
5.673655137303784457e+00
5.792975867725117745e+00
5.820442893420818997e+00
5.827747655911853286e+00
5.869765641991405047e+00
5.870627391435388809e+00
5.878216459909551439e+00
5.883842781040277359e+00
5.896064857741184717e+00
5.906933989907637184e+00
5.915139879909511400e+00
5.933583963812271378e+00
5.942922951400621656e+00
5.957221775015779208e+00
5.958395508112001693e+00
6.016726597392302089e+00
6.109106175809174033e+00
6.120801888092563203e+00
6.156172607600551849e+00
6.164010059864933666e+00
6.174994661021430353e+00
6.191179337890545753e+00
6.213765872776723320e+00
6.291159569639998672e+00
6.292804370028013849e+00
6.322762895631615088e+00
6.358718445548737996e+00
6.364277892478956034e+00
6.390643530654867455e+00
6.424816787120503747e+00
6.429614384495981660e+00
6.436491797441735940e+00
6.451444048344860960e+00
6.486961524582352645e+00
6.503341849876888681e+00
6.569180571952511372e+00
6.607511970842049109e+00
6.618710567877983841e+00
6.763327011789662002e+00
6.798836628218970723e+00
6.831824716249252027e+00
6.835656847749577381e+00
6.876819135556313078e+00
6.885469750175562176e+00
6.910653622663603279e+00
6.934230078189018265e+00
6.966719066157861739e+00
6.992540699454866449e+00
6.992840792242206227e+00
7.024691327894796444e+00
7.039671161638498376e+00
7.129900748062049765e+00
7.133904688930384097e+00
7.168666666945141763e+00
7.217480696290610176e+00
7.293429329516462722e+00
7.338954464769106067e+00
7.488811245715721654e+00
7.519224220273264869e+00
7.536114080315892139e+00
7.549961078827348793e+00
7.556636136118946467e+00
7.624678913191375251e+00
7.642428825474850029e+00
7.687882016655056105e+00
7.734692300224403461e+00
7.771297822170642355e+00
7.776063373441598259e+00
7.786432739403977621e+00
7.825537708513750523e+00
7.888771288010320681e+00
7.891175491123971319e+00
7.924888038152476888e+00
7.926980783802759056e+00
7.972729925066878387e+00
8.020260164043120810e+00
8.022392515986808803e+00
8.051878224962404573e+00
8.124493077796474338e+00
8.179998788634176066e+00
8.186034286876425980e+00
8.256423958954206554e+00
8.335751375274327302e+00
8.343743390703385998e+00
8.372756310155232029e+00
8.424903398425414025e+00
8.475445146554164921e+00
8.543619936442107488e+00
8.554231876328973527e+00
8.562888917452083248e+00
8.620837235429071654e+00
8.633833289450050685e+00
8.683609740559360191e+00
8.692447131106375124e+00
8.820869889317796364e+00
8.836838766464396144e+00
8.907221394418652238e+00
8.930980016823975021e+00
8.982066515012803620e+00
9.013901519329207801e+00
9.019525412916703289e+00
9.049455297646742835e+00
9.089518558929528425e+00
9.116517204618954651e+00
9.127687314678547992e+00
9.128392871087452676e+00
9.328754026061565341e+00
9.338729650478990507e+00
9.429821350157251203e+00
9.436947397767156076e+00
9.453617502820701901e+00
9.498246507980542930e+00
9.547553425976309072e+00
9.557479543788256038e+00
9.566107956188789174e+00
9.639320847914797596e+00
9.672552556574256499e+00
9.694043832260108573e+00
9.707015556812731205e+00
9.715656467826031317e+00
9.733955625417722857e+00
9.759291254662311843e+00
9.759683838340173168e+00
9.762339825243797620e+00
9.763449934009029718e+00
9.770869853459551280e+00
9.788174289537414197e+00
9.788267526949242736e+00
9.802312184768684489e+00
9.817409040087204275e+00
9.876058031499054479e+00
