-1.689900208394453374e-01
-1.635404854280652354e-01
-1.356229541268297867e-01
-7.618515707490870759e-02
-5.631139094420833935e-02
3.597629140859817665e-02
3.914519375164285386e-02
6.491175090034062567e-02
1.363449956873523661e-01
1.417482551011066128e-01
1.492424363249749697e-01
1.936934311557719224e-01
2.107323407076633348e-01
2.843205301650827410e-01
2.997448205362089335e-01
3.179831864716121115e-01
3.183525023574457768e-01
3.564383224798414740e-01
4.158610839986566776e-01
4.331428519366306573e-01
4.505195710658191355e-01
4.571603796581458767e-01
4.748428799371874898e-01
4.895066297620504492e-01
5.576671172856300096e-01
7.045503768816889778e-01
7.213519369475289711e-01
7.231158915136142173e-01
7.359783722538917328e-01
7.737197281054799536e-01
7.751152725418883893e-01
8.055126230185347680e-01
8.156269306382257778e-01
8.190515647185769854e-01
9.576044042485643004e-01
9.825451365040052121e-01
1.009722446173470622e+00
1.146116264044645838e+00
1.157521368547727691e+00
1.264961354672464733e+00
1.274660705358419355e+00
1.302306432889829946e+00
1.352530535988502258e+00
1.355938350678373316e+00
1.358855373365570607e+00
1.442483918559849254e+00
1.477541682587182770e+00
1.555977065181695096e+00
1.585279719330081161e+00
1.687504179801311066e+00
1.703095129527664398e+00
1.821681977903369054e+00
1.827667372149270664e+00
1.891483422106167600e+00
1.939268287693295845e+00
2.045546214087273107e+00
2.053684625314006418e+00
2.068954512038162274e+00
2.101291912413168372e+00
2.103323022107579821e+00
2.109764480752566840e+00
2.128387314592957491e+00
2.133639900099099318e+00
2.146471912623185041e+00
2.187623815469936339e+00
2.213804746810292823e+00
2.223522128355423622e+00
2.231696075443132976e+00
2.236660826015261172e+00
2.244382047781991130e+00
2.249588736596682015e+00
2.259398407697555289e+00
2.262355710338100234e+00
2.294089627602596160e+00
2.411989102141084196e+00
2.415950888500626448e+00
2.438105136083009494e+00
2.460854841027268147e+00
2.476641366661505028e+00
2.479595429121884020e+00
2.504246825725473080e+00
2.549832374966587434e+00
2.564948677475253902e+00
2.656461247936185099e+00
2.669346531215092355e+00
2.682546782079171965e+00
2.768720559797439140e+00
2.783058894359669022e+00
2.809110919069818912e+00
2.872668455041072377e+00
2.876469921514846817e+00
2.881073917688421027e+00
2.967342147231549543e+00
2.988137530637452244e+00
3.031190339525106747e+00
3.062706233887748208e+00
3.107364016748230373e+00
3.129679281210246966e+00
3.139409074579577741e+00
3.146166227413695893e+00
3.184213843671045208e+00
3.236767573356275740e+00
3.294519250911811969e+00
3.309140020641216040e+00
3.417501597592737195e+00
3.422134785731209661e+00
3.433131895895298769e+00
3.471616182148529628e+00
3.513255574098812506e+00
3.533633049866822695e+00
3.611883361738492670e+00
3.623977391901096023e+00
3.638876395454090584e+00
3.700513862997437453e+00
3.721046717338250431e+00
3.748905583023242727e+00
3.750323009689453979e+00
3.800214118854414735e+00
3.843118393880691208e+00
3.860933787928105154e+00
3.883597729944383126e+00
3.943223556375904160e+00
4.008060410389965078e+00
4.075937527342946787e+00
4.118710074380029340e+00
4.119672077736733939e+00
4.151763597412928775e+00
4.156212886962627806e+00
4.205618521923624620e+00
4.257019108954763098e+00
4.260314795572575974e+00
4.305356965778336154e+00
4.381870285671345400e+00
4.449682428055242944e+00
4.465742995543846128e+00
4.483710102802844766e+00
4.532339268938602395e+00
4.543860787942120005e+00
4.563209482272326589e+00
4.671581757985258321e+00
4.768324610415455744e+00
4.775251775785862129e+00
4.823161989585632803e+00
4.855480440955619592e+00
4.914295253000611652e+00
4.925889207194470210e+00
4.969276283069387290e+00
4.971351475707301404e+00
4.995947342528417323e+00
4.996529428434557829e+00
5.007308781435048317e+00
5.012209819954027701e+00
5.065132284304981525e+00
5.122543604172270726e+00
5.147077676506417454e+00
5.162894883092084442e+00
5.170080272811866884e+00
5.175031753627544973e+00
5.198492843382156892e+00
5.320051848296685648e+00
5.322949594359362102e+00
5.389072211380255162e+00
5.499420893923034015e+00
5.577133286942868473e+00
5.608693348022878666e+00
5.617597031602650226e+00
5.632407694830715350e+00
5.671433313694782541e+00
5.672974579829483943e+00
5.677572102386475805e+00
5.768701667934242217e+00
5.858969417132676938e+00
5.884224074170487206e+00
5.914487855619123380e+00
5.931625511688402241e+00
5.943305031439377828e+00
5.978863460885888159e+00
5.984889496719208779e+00
6.018816896846669096e+00
6.044817287838347930e+00
6.093986681419988116e+00
6.133953121509970963e+00
6.143690445137615086e+00
6.171794727897970567e+00
6.185604871414557948e+00
6.187680958992049618e+00
6.196445668141580043e+00
6.231422648229963279e+00
6.328786782319561155e+00
6.329447703362438560e+00
6.425904406729503471e+00
6.429004684818387716e+00
6.469591463877649495e+00
6.496109023879299116e+00
6.522880108444388370e+00
6.570733501845285041e+00
6.581300879555649352e+00
6.632267120843413188e+00
6.644632438179381317e+00
6.660420634491211800e+00
6.662170371086758358e+00
6.678974346493499858e+00
6.691695763974619737e+00
6.703811130065578716e+00
6.714310770193849365e+00
6.727054196632191285e+00
6.731668955316973957e+00
6.780658784984089138e+00
6.812633177204848955e+00
6.846078233946433222e+00
6.847016428699619794e+00
6.867674090158351952e+00
6.875414567935060006e+00
6.889932803574406073e+00
6.972410282014297245e+00
7.029049285905300870e+00
7.066390840582292832e+00
7.075129743565947926e+00
7.313027508935435961e+00
7.323892547492292238e+00
7.363496190643306072e+00
7.407454343319957779e+00
7.444963090999879185e+00
7.496161831552993426e+00
7.515612634734671005e+00
7.564623364057853294e+00
7.612455802782661429e+00
7.673894779130304045e+00
7.772754762995626621e+00
7.786005464591394087e+00
7.795517264601064866e+00
7.821118030193276560e+00
7.876249386009043896e+00
7.886440786830777760e+00
7.906737641705675834e+00
7.958566905143292125e+00
8.007483940168361514e+00
8.025673987702109713e+00
8.041336550344864165e+00
8.062326481236429032e+00
8.270375673260234706e+00
8.290374853163575253e+00
8.347190440028500191e+00
8.377188803424681751e+00
8.407383126351763991e+00
8.410408568817835828e+00
8.432092609237969327e+00
8.458703657402940834e+00
8.523909426870472927e+00
8.530780716872099489e+00
8.531360761682208249e+00
8.547857707394319604e+00
8.557854566958772224e+00
8.597055905849346757e+00
8.602613614784239360e+00
8.618367446840354162e+00
8.635939962868052433e+00
8.685919700579107783e+00
8.719720571027826495e+00
8.740397446216519484e+00
8.780547093128538094e+00
8.823393904468368021e+00
8.867676969591846259e+00
8.928026962764713303e+00
8.936061231678236183e+00
8.948650456725490088e+00
8.963297238446985560e+00
8.971971060343914672e+00
8.973761292005955070e+00
8.997094582837966925e+00
9.010559235175973569e+00
9.013844552957628764e+00
9.047344673182083241e+00
9.101666787118505297e+00
9.128216230946835097e+00
9.133317049662741383e+00
9.143790406534041182e+00
9.229805607843969639e+00
9.272400631176685337e+00
9.284565432586413536e+00
9.323577849463974943e+00
9.440594583012140717e+00
9.442282256622588577e+00
9.540037329374452924e+00
9.696849466125708972e+00
9.712135541468230215e+00
9.738492307400257175e+00
9.741644049609350375e+00
9.781892139177504220e+00
9.784474726112001974e+00
9.790969111692145788e+00
9.810701720558162364e+00
9.812853725417843620e+00
9.816430080649034551e+00
9.874663964901037261e+00
9.884758458375097590e+00
9.927503309068269388e+00
9.935395543966491161e+00
9.978237201662661704e+00
