-1.673091465590492433e-01
-1.316000858286603403e-01
-1.300145302318146956e-01
-1.249557095049755595e-01
-1.146814545415662800e-01
-1.126926101429907845e-01
-7.741571755318610304e-02
-5.974196879037935171e-02
-5.586880425862567057e-02
4.798119021430968800e-02
8.833877846783377841e-02
1.570253394704683725e-01
1.821365304525975337e-01
1.901833669443663832e-01
1.927613476948212834e-01
2.144251502880673010e-01
3.007617787617508642e-01
3.058703959112785697e-01
3.611454884311273150e-01
3.714601674607385662e-01
4.363704268255775287e-01
4.470410929659155985e-01
4.634179690001692387e-01
4.832656023916030441e-01
5.219622229860274576e-01
5.281741094351732890e-01
5.386108762347434631e-01
5.432504557904056508e-01
5.943462760369333520e-01
6.055101040231041232e-01
6.466191479636871353e-01
6.735194646271986940e-01
7.173867339995143588e-01
7.554047265363497132e-01
7.839947660269444007e-01
7.911543819963815505e-01
7.943829197023444255e-01
8.570123709863102235e-01
8.719552113809130311e-01
8.819860197524631573e-01
8.990180150254034608e-01
9.213625472711131081e-01
9.763695121495719054e-01
1.020338925380600781e+00
1.058316818470808940e+00
1.162782959577065789e+00
1.252480592171497653e+00
1.268341169580823991e+00
1.284296611337797378e+00
1.293473923461457842e+00
1.342828193188772001e+00
1.359664643570403397e+00
1.445916311756438422e+00
1.477452640579315579e+00
1.572297522630079269e+00
1.696928432768754824e+00
1.706503586358897540e+00
1.710324199822184310e+00
1.725074751735868217e+00
1.734807578941233830e+00
1.740535133802309398e+00
1.782629253690017457e+00
1.806046695303105354e+00
1.814926375370363276e+00
1.901127048224130478e+00
1.914366630079118226e+00
1.997700297487911003e+00
2.008489811309085216e+00
2.071144431268248542e+00
2.072063565578019961e+00
2.079591044944344436e+00
2.117969165313565494e+00
2.143758954096190106e+00
2.178312694641967528e+00
2.182785663542171406e+00
2.204611920216457133e+00
2.218232983558150018e+00
2.244583924434284228e+00
2.355708838126685301e+00
2.452827639814875393e+00
2.454552653357316760e+00
2.474873264435919040e+00
2.529126231838433547e+00
2.558699686110036620e+00
2.576361758172363015e+00
2.635800686210647559e+00
2.667837225453238315e+00
2.744165807864446194e+00
2.817080590735911105e+00
2.842581275142518571e+00
2.854071205329411942e+00
2.874210465379039459e+00
2.924499353208151131e+00
2.928721206967238810e+00
2.937315006255824645e+00
2.975678837264244425e+00
3.010319073349134733e+00
3.015353620109717525e+00
3.017670086870580803e+00
3.023952772797487309e+00
3.062229922220058409e+00
3.135993861033622210e+00
3.140355899881009716e+00
3.166620708598253398e+00
3.167178290806681229e+00
3.170912117762263449e+00
3.175358471057572629e+00
3.215294298946865137e+00
3.235723884374529291e+00
3.260395379547400552e+00
3.270353968742526263e+00
3.286287447640712678e+00
3.345864480815515130e+00
3.352263139406292503e+00
3.354340351181029689e+00
3.411781884694249367e+00
3.442920832031670209e+00
3.464524065287378107e+00
3.465953084529679540e+00
3.482870295106702763e+00
3.570508940975527512e+00
3.574566269165607935e+00
3.646361898250060296e+00
3.659319554682243680e+00
3.760027120149865176e+00
3.791326558465757390e+00
3.798257515619862357e+00
3.876044605327257031e+00
3.881298608916518234e+00
4.056283077885302291e+00
4.102906859892123670e+00
4.137846194446881398e+00
4.257066638854818841e+00
4.287093126412998778e+00
4.293537950852643448e+00
4.338337749834145107e+00
4.358559912983428042e+00
4.393746982222029196e+00
4.401153716144215799e+00
4.406441210204022241e+00
4.418728399652732897e+00
4.451464117194172232e+00
4.500529875718933148e+00
4.517678445986485158e+00
4.522733934863531147e+00
4.529787297027167092e+00
4.605390736363610849e+00
4.652109121176351003e+00
4.666091814035416618e+00
4.710524816203869314e+00
4.743489786194217572e+00
4.758496971845903367e+00
4.781605301995160318e+00
4.842803164968817242e+00
4.873555903983001869e+00
4.968589106482170337e+00
4.998319774929458781e+00
5.008893146596701484e+00
5.013327791466226202e+00
5.077017682294103551e+00
5.113302608886472811e+00
5.177190437470638784e+00
5.218596028295543476e+00
5.238140410605538477e+00
5.247887354133663251e+00
5.257341181831125532e+00
5.312636502250851933e+00
5.322236699756935252e+00
5.339254256115154362e+00
5.339299153226979122e+00
5.388314021544854171e+00
5.412611829871677216e+00
5.432542983021890315e+00
5.445862274440737671e+00
5.447939941167611266e+00
5.455680583149916885e+00
5.466779525664249739e+00
5.509930945806270408e+00
5.536004834201285973e+00
5.557106081208789128e+00
5.557321870231315408e+00
5.574314414557327346e+00
5.638489142776411001e+00
5.641787549274184244e+00
5.644003387180322129e+00
5.670056863459353558e+00
5.730723287043515413e+00
5.734147931404759646e+00
5.788232986900225363e+00
5.802131044291695794e+00
5.819255084009096635e+00
5.830831127811635817e+00
5.884766967147959882e+00
5.949711109807678255e+00
5.966480032045008208e+00
6.002698806221475003e+00
6.030952641785981783e+00
6.040636387719863443e+00
6.059510268431751001e+00
6.059900822579214363e+00
6.103416482474435689e+00
6.135751788469686829e+00
6.182440793897939102e+00
6.197464980794164191e+00
6.289564504595047012e+00
6.293328170546706346e+00
6.346342822076373125e+00
6.367902104612876535e+00
6.371304438262825443e+00
6.422516837891382835e+00
6.424270126321870222e+00
6.462595886086798025e+00
6.493804688410911297e+00
6.538136436511629235e+00
6.588157725288138700e+00
6.626630336054789794e+00
6.627608649807918972e+00
6.680309507067367925e+00
6.698035123217633391e+00
6.739206819764647527e+00
6.908481711510712664e+00
6.910378086717343216e+00
6.950414161663083235e+00
6.991906160045418872e+00
7.006330231835569577e+00
7.007981496686016776e+00
7.014708125271790884e+00
7.023500543201074642e+00
7.031276906657286219e+00
7.147329762127131225e+00
7.227717577815588434e+00
7.256768721010327106e+00
7.270245012769915860e+00
7.302711201889272807e+00
7.355255724580716858e+00
7.363765370709624669e+00
7.368024145047464835e+00
7.432065903895634484e+00
7.568036810947732285e+00
7.600016416303798650e+00
7.606692802779586593e+00
7.699623589410913738e+00
7.785705470627414471e+00
7.794061744605712327e+00
7.809521397942401855e+00
7.818973008669027003e+00
7.854750285700020207e+00
7.856886705416742167e+00
7.871112975027460656e+00
7.877210854677529461e+00
7.883386692221749037e+00
7.919933078115309222e+00
7.933908739145704381e+00
8.041618053655211540e+00
8.228057995031990757e+00
8.256975535438163760e+00
8.263813122334019212e+00
8.304991853165127225e+00
8.356476393785154499e+00
8.372584565623913733e+00
8.377669126742114614e+00
8.446905831262419895e+00
8.453384812745957433e+00
8.486588006522842065e+00
8.497867607493281739e+00
8.506210497246300406e+00
8.527351637229651615e+00
8.657714728148798500e+00
8.686868614059742200e+00
8.775623393626405644e+00
8.814585782543622017e+00
8.835704422020461024e+00
8.837927839061924473e+00
8.951462598915183477e+00
9.020600572828925579e+00
9.081142244487246273e+00
9.102856126479020205e+00
9.141373994678303916e+00
9.226645666116120026e+00
9.259547358752383772e+00
9.309208005232711969e+00
9.318722798638924942e+00
9.406897126937101561e+00
9.412052744570562623e+00
9.415778788168957192e+00
9.440511114044252139e+00
9.505551865519937138e+00
9.511338020701083806e+00
9.513698453299488378e+00
9.519870994177354717e+00
9.556342015809184076e+00
9.578455298902412096e+00
9.610840127276548017e+00
9.658638053777321986e+00
9.663960598253837020e+00
9.676302342510373578e+00
9.732151701675704203e+00
9.785864508403909312e+00
9.800516072407441825e+00
9.801594987681514937e+00
9.813055083205572515e+00
9.855709253059218966e+00
9.864977122320102154e+00
9.892467608791786660e+00
9.998355207287183077e+00
