-1.866996736580958383e-01
-1.521255179967020421e-01
-7.158328567153376953e-02
-6.436123130543505710e-02
-4.309946864837008174e-02
3.717692487902915510e-02
6.942515725309478247e-02
7.164650496811997282e-02
9.328614851965583155e-02
1.325465528133505377e-01
1.606035454509151528e-01
2.344039284148236590e-01
2.777037352113511659e-01
3.092230236958486977e-01
3.283973358680010723e-01
3.355937103029705271e-01
3.564773019150770383e-01
4.309229306751085065e-01
4.316479337025707630e-01
4.473464481454583752e-01
4.744546807816029665e-01
5.258619807044615513e-01
5.370280202824875282e-01
5.504514706034968619e-01
5.996441038513993238e-01
6.037062837552593653e-01
6.051470715910962639e-01
6.109828220250481667e-01
6.477236066614451282e-01
6.581558328106305034e-01
6.906581769135431426e-01
7.017852403087432300e-01
7.100111293707602744e-01
7.268267881046894807e-01
7.967904088506190252e-01
8.116150815003986274e-01
8.402182028516305135e-01
8.855202853173311794e-01
9.218785153460744564e-01
9.732364914460176486e-01
1.040988475004144043e+00
1.123093901636903258e+00
1.147257196858447514e+00
1.232438720919047492e+00
1.276055294101081872e+00
1.292525038127611214e+00
1.392885588385797346e+00
1.440014057397948077e+00
1.442686552559307112e+00
1.467374216559410360e+00
1.488323109581473513e+00
1.523686872137212767e+00
1.535812917558946777e+00
1.571701890615863739e+00
1.607134184615998995e+00
1.620080907346761023e+00
1.627222765374765956e+00
1.629157477650059915e+00
1.644231248938846424e+00
1.649547011640191130e+00
1.660953314849454854e+00
1.667439188834498598e+00
1.753015718134038226e+00
1.775941196497966112e+00
1.784396350263080855e+00
1.831532578984116588e+00
1.854063213838157198e+00
1.927389388809071624e+00
1.946579502199714318e+00
2.003034430656149834e+00
2.077678595592367561e+00
2.079778801699436741e+00
2.208418470063689742e+00
2.213525307831754940e+00
2.302879626189863860e+00
2.317356750535677801e+00
2.339439722510662012e+00
2.377321908432128872e+00
2.411696896283143765e+00
2.413341431630805278e+00
2.437584889333321403e+00
2.505477178790029846e+00
2.518076354859341226e+00
2.540235342452719980e+00
2.545633078374623270e+00
2.610125385307674684e+00
2.620549715980992733e+00
2.652888037801045762e+00
2.689640357071730214e+00
2.825816478941281851e+00
2.950796544821990164e+00
2.967929005848632951e+00
3.011353945439292801e+00
3.090471269996890147e+00
3.373723878939044241e+00
3.381623654931610989e+00
3.402042190190895266e+00
3.421878886969830447e+00
3.460112510850037904e+00
3.506852617165659769e+00
3.543870930638950867e+00
3.561953276136700985e+00
3.599882721718053347e+00
3.629309592832234976e+00
3.640214796934121200e+00
3.698650319300723410e+00
3.744861627368419654e+00
3.786221866945626235e+00
3.798685640739548841e+00
3.804607838724903601e+00
3.844164166783464509e+00
3.845807839000468853e+00
3.847493524706513846e+00
3.938410377155559416e+00
3.989402880373668303e+00
4.009370847153227224e+00
4.038098122533194889e+00
4.042148788553051375e+00
4.083827462463762714e+00
4.110985854955673702e+00
4.159865963710437597e+00
4.216407840324369438e+00
4.231362155051711760e+00
4.272843800328460340e+00
4.287105448387229956e+00
4.336674021991631101e+00
4.396604419343192127e+00
4.441713344463098956e+00
4.443594236171390932e+00
4.478974670710648809e+00
4.504255306815951876e+00
4.534023689135562307e+00
4.535222927567467366e+00
4.567348319061429684e+00
4.580395856158792967e+00
4.612488597562936832e+00
4.674519164701736784e+00
4.682967952814839130e+00
4.770470952521547403e+00
4.810068092493637870e+00
4.836647362313907017e+00
4.860119300147553112e+00
5.001782362444857633e+00
5.064803502987578199e+00
5.108656905345834609e+00
5.117135011232766928e+00
5.149412302619909454e+00
5.266415082350881960e+00
5.324548686762034855e+00
5.345134386901551515e+00
5.345181017535528767e+00
5.391581590129364443e+00
5.428399969089134025e+00
5.437710885079292567e+00
5.463327923170266054e+00
5.470384639573911301e+00
5.476521175165117050e+00
5.482954967760157672e+00
5.548704818219745150e+00
5.587301844711006105e+00
5.640827433143400960e+00
5.647381098570368074e+00
5.657098729772569001e+00
5.674676231584539821e+00
5.684958178557688591e+00
5.717126517933072805e+00
5.723660291618793750e+00
5.737976158113750280e+00
5.741239042633492495e+00
5.788582261638641313e+00
5.849632212812019283e+00
5.863587047786306350e+00
5.889813120827468218e+00
5.927050035107035875e+00
5.942687935639319186e+00
5.997436962820496653e+00
6.023219818037080842e+00
6.060500886502664386e+00
6.080543815964848164e+00
6.124216591510922569e+00
6.130943435886496928e+00
6.181969561882250552e+00
6.225379107012400048e+00
6.260063868293871181e+00
6.260644080614154561e+00
6.282723101459520620e+00
6.299624756689790495e+00
6.331277367145527357e+00
6.412769675183077389e+00
6.413859707404092170e+00
6.432338251142811103e+00
6.442902610643230332e+00
6.486664675323802420e+00
6.507232894116124378e+00
6.548440457748831989e+00
6.570254668174086987e+00
6.586391387622622773e+00
6.603268361727354652e+00
6.607426867602031351e+00
6.627406479680446161e+00
6.632285048134259675e+00
6.646719436138074144e+00
6.657391273386563668e+00
6.658685397893275848e+00
6.684263712385551948e+00
6.723121417587025306e+00
6.740201288956074954e+00
6.757334135256902741e+00
6.830883757017557123e+00
6.877332311724981828e+00
6.936295551623367750e+00
6.943912205698401507e+00
6.950146706121448581e+00
6.960578605639127225e+00
6.965657778584887438e+00
6.992323280779296546e+00
7.011781949643340894e+00
7.030061001203653959e+00
7.067864379217290605e+00
7.084323958729910053e+00
7.153447434047538245e+00
7.167071496880980774e+00
7.168132495775172863e+00
7.190911038874679306e+00
7.205221524863355320e+00
7.205805109351443249e+00
7.262969676083079307e+00
7.320853285155523693e+00
7.358692870136375852e+00
7.371881130738648480e+00
7.402541472322087479e+00
7.447734591277897387e+00
7.482823588722022912e+00
7.526335315835165574e+00
7.564781635295288353e+00
7.569674397889888162e+00
7.610649588525694398e+00
7.652327996684787692e+00
7.687472454132235455e+00
7.696709121724704339e+00
7.708153043856451170e+00
7.712145006560653826e+00
7.716943498455431261e+00
7.844390510682806017e+00
7.855083835034800011e+00
7.890690481717453686e+00
7.978410547235097461e+00
7.978994868783371608e+00
7.986976348052924557e+00
8.014001959677406361e+00
8.083533911681005435e+00
8.106353249448286391e+00
8.133076489837913314e+00
8.157071148778010539e+00
8.208472875411132463e+00
8.210739216794335604e+00
8.217302186078798698e+00
8.228639178197015625e+00
8.236352237265343490e+00
8.258559439223120080e+00
8.441636871674427667e+00
8.499727871615489150e+00
8.532358194548958608e+00
8.534925882258587393e+00
8.578004173448455560e+00
8.587413767709165313e+00
8.591019684478915508e+00
8.607480408867941080e+00
8.639097215178150435e+00
8.665111057265523442e+00
8.752132348734873446e+00
8.756248432854695452e+00
8.762952205816871398e+00
8.778909955757010053e+00
8.788730636541465913e+00
8.852431495134686301e+00
8.935764059571791762e+00
8.972796478960907152e+00
9.004817722481613274e+00
9.059498279362765416e+00
9.089751927216823901e+00
9.124646235111187664e+00
9.206642503313354098e+00
9.226300746504453087e+00
9.247508481456295115e+00
9.340234691211794171e+00
9.358583289042391229e+00
9.386389589410891077e+00
9.401816890881912414e+00
9.421177847849255826e+00
9.448435504712563215e+00
9.449594582644641250e+00
9.471431071559614168e+00
9.552111823471808094e+00
9.571038832541075791e+00
9.614358091317626531e+00
9.663770828059988105e+00
9.735584286380644770e+00
9.773199425222303560e+00
9.777650163141418105e+00
9.835178235010097580e+00
9.846582984063758204e+00
9.869315011961576900e+00
9.893385638278369143e+00
9.923156954232483784e+00
9.935913246733015569e+00
