-1.993405780205796118e-01
-1.480363777985075902e-01
-7.565696073389460707e-02
-6.152095477203473051e-02
-3.434960435748679597e-02
2.273267511013976616e-02
2.579149381654322060e-02
3.712367633504809472e-02
5.399015996407546814e-02
2.034635861902221454e-01
3.428306423029244265e-01
4.873040195116098983e-01
4.938443464820544970e-01
5.039349467454909970e-01
5.169295265566575814e-01
5.364207577063000443e-01
5.862863225408281309e-01
5.942710464693445882e-01
6.558680050724086108e-01
6.868129328378111964e-01
7.276970251598067208e-01
7.787556595262357106e-01
8.168122904505938919e-01
8.270363027272242817e-01
8.398124993845084152e-01
8.547192306130719786e-01
9.098769320144495243e-01
9.379568581788788606e-01
1.008889545642978280e+00
1.058919466278390065e+00
1.079413526683911551e+00
1.079704216123107852e+00
1.092246679618927629e+00
1.110951025256202707e+00
1.196360698275085399e+00
1.213292332427868825e+00
1.225990816999940280e+00
1.271114676271820176e+00
1.300347292939479704e+00
1.392318224473287236e+00
1.394009175420338087e+00
1.432171533492097248e+00
1.511945429216552395e+00
1.514308966706255699e+00
1.540443043041558102e+00
1.549279362436605023e+00
1.563290840903006629e+00
1.581763610612557436e+00
1.610583576998158906e+00
1.666208156933366658e+00
1.672836584517930048e+00
1.691903217481384392e+00
1.700410978287231645e+00
1.721956545713153819e+00
1.729889366774463477e+00
1.784515483589266260e+00
1.791814929796424094e+00
1.855404787791895105e+00
1.862101971870554040e+00
1.925636797070279238e+00
1.932219407807125533e+00
1.941990057953296267e+00
2.057952477380444289e+00
2.058127163551037864e+00
2.064511946163131828e+00
2.096957745431732079e+00
2.146238217992629593e+00
2.166469696352669949e+00
2.322443099394212673e+00
2.345022809259192709e+00
2.347735020340959711e+00
2.381902866700436494e+00
2.391679883608802459e+00
2.431611893211780284e+00
2.438565124533588868e+00
2.485518978274784185e+00
2.622071076508854404e+00
2.644643884622974728e+00
2.650772998704220562e+00
2.677892318945676475e+00
2.724693328964699290e+00
2.771914703765353316e+00
2.825800331430039058e+00
2.996858747540876333e+00
3.064727181467203909e+00
3.109892064904504316e+00
3.118860443691501505e+00
3.122758639759405597e+00
3.165811584407147272e+00
3.169552509641462734e+00
3.177306855118186224e+00
3.198431439564531686e+00
3.241164805295578155e+00
3.246227338815192542e+00
3.257822799245466694e+00
3.333383469859901194e+00
3.379606569724224130e+00
3.387132143720537503e+00
3.394049475620230627e+00
3.398840431207258206e+00
3.505313415086541262e+00
3.517545366492571102e+00
3.549576682771871550e+00
3.560307625095253226e+00
3.602457236329835055e+00
3.621037852536111767e+00
3.626181419655353011e+00
3.634031549273991857e+00
3.641636295126180478e+00
3.723496373004847371e+00
3.756218789285723947e+00
3.770235396942828388e+00
3.785369605833329043e+00
3.950727455880518768e+00
3.962977575007097464e+00
3.972968137335961991e+00
3.980451012220155960e+00
4.028293393766157138e+00
4.050498203874689729e+00
4.054478167019565760e+00
4.081645733414656974e+00
4.104983715691504997e+00
4.112375456632416437e+00
4.193588255924852071e+00
4.302280986970720811e+00
4.310031595882927391e+00
4.384177660041633118e+00
4.407291555971819541e+00
4.411481930602709767e+00
4.489209263225592217e+00
4.498517155595522787e+00
4.524207457933385967e+00
4.583051246240862575e+00
4.601537876295369145e+00
4.659073194401821105e+00
4.666609399347128928e+00
4.675799743225483418e+00
4.676570303136536211e+00
4.855215918075970194e+00
4.889060064988634657e+00
4.895346456680852221e+00
4.910950524696805708e+00
4.962693429673461942e+00
5.004136770934737299e+00
5.034812410553131556e+00
5.116947948122770207e+00
5.164905330353204427e+00
5.195899820968246097e+00
5.215185591436352297e+00
5.232572074900020631e+00
5.273724585476244009e+00
5.380399111637784948e+00
5.430858492811131200e+00
5.450358647238040533e+00
5.455035241411583691e+00
5.459641463868697642e+00
5.476713145017118478e+00
5.485677892572146774e+00
5.498923179870198297e+00
5.526945128253490935e+00
5.575563620769074191e+00
5.621549056185061843e+00
5.626731158892048335e+00
5.769975258501546023e+00
5.778894695371304735e+00
5.812289468874952902e+00
5.874105154828277442e+00
5.966723217966485748e+00
5.972860970239413980e+00
6.139910561239394049e+00
6.155694325254551735e+00
6.196665472407018704e+00
6.216568246577738321e+00
6.217292850265982551e+00
6.285765773492515862e+00
6.290355613053541184e+00
6.297561372599588481e+00
6.369768065392239720e+00
6.370626450334802016e+00
6.375537304240666003e+00
6.404918551835428353e+00
6.434897506381446419e+00
6.445763851650749388e+00
6.450903112503780790e+00
6.494522088403319238e+00
6.506198500114854788e+00
6.507684670197906307e+00
6.522072051930589254e+00
6.577725135100654263e+00
6.582329976966667218e+00
6.586603147105249079e+00
6.604869721883722455e+00
6.609505472409168192e+00
6.666936953780179920e+00
6.679046648777947404e+00
6.694427772211609451e+00
6.730203848295230884e+00
6.738409483442540981e+00
6.738944850566101152e+00
6.751287991601001792e+00
6.815280726334407291e+00
6.836650215643982342e+00
6.846189295451098999e+00
7.034685985292412624e+00
7.051685783094523430e+00
7.051893899758764128e+00
7.073020147056684692e+00
7.094576301473737523e+00
7.133337116961732782e+00
7.136945145793760936e+00
7.213982328213377926e+00
7.271640707143617988e+00
7.303681423670546735e+00
7.310122737626336686e+00
7.388281202646293622e+00
7.511804315855187042e+00
7.568515303703020614e+00
7.617167935602320306e+00
7.630964512981591952e+00
7.645621011989142346e+00
7.647990068189825408e+00
7.670568698761729642e+00
7.716955249980943066e+00
7.836226195397084204e+00
7.858187963348130189e+00
7.865743984262475230e+00
7.880274641992611073e+00
7.882027122544099207e+00
7.898808831221274751e+00
7.915183514062097636e+00
8.004206642215113021e+00
8.021683324393858783e+00
8.090123908464159186e+00
8.093878316020932218e+00
8.117935148198732520e+00
8.170866230056788027e+00
8.182273901656289539e+00
8.222063652917102061e+00
8.225946289705058589e+00
8.240816690058222704e+00
8.257354322240550104e+00
8.259325444141781603e+00
8.355989284665165329e+00
8.381471404569897032e+00
8.439110644218168034e+00
8.468873503133020009e+00
8.491836483341597130e+00
8.492800987799610013e+00
8.497188120078273954e+00
8.595278917446560030e+00
8.625398482344671436e+00
8.627977666876359919e+00
8.705101874183350574e+00
8.741521540330808193e+00
8.745229521073529355e+00
8.774644726953594542e+00
8.822321387945969207e+00
8.852913740213308458e+00
8.887884003234942654e+00
8.916252240419225927e+00
8.934593641979557077e+00
9.023141854426366848e+00
9.040573855299628647e+00
9.043690831536363106e+00
9.049360039409975798e+00
9.060251825825559990e+00
9.070127260025028448e+00
9.073401063305666980e+00
9.074097857002424661e+00
9.076341989739558969e+00
9.121831162726675046e+00
9.146288811522868656e+00
9.186589441720203197e+00
9.222370286467938882e+00
9.248689466406560200e+00
9.252536983490973199e+00
9.289536665745862010e+00
9.307309402840889589e+00
9.347362668411289377e+00
9.354457955947671266e+00
9.356791140022616915e+00
9.361760087189544777e+00
9.380318531973109941e+00
9.427957480965361015e+00
9.431868320170401887e+00
9.440810903039754010e+00
9.513929696614290776e+00
9.532127904437391663e+00
9.543828396723075258e+00
9.586408327676375407e+00
9.592957876938863038e+00
9.600052166609119197e+00
9.616089182828218895e+00
9.672669186706565725e+00
9.696935472087176322e+00
9.720485587969855956e+00
9.731845721573922248e+00
9.769070750117530011e+00
9.775753799113171993e+00
9.778179391494710160e+00
9.901265145304765980e+00
9.916240360451547886e+00
9.995197967484710233e+00
