-1.840289199227689299e-01
-1.639526126544161855e-01
-1.218131228325561866e-01
-8.764574908635991424e-02
3.748117495064623439e-02
1.422581390519173650e-01
1.910121410130756203e-01
2.459241300677458275e-01
2.609915964759860207e-01
2.807703672181091070e-01
2.973213565807331094e-01
3.031028674388393518e-01
3.036981020367687800e-01
3.369229325737392311e-01
3.746032293999607687e-01
4.104375360301040776e-01
4.135783650485267970e-01
5.007276369276456585e-01
5.539300583094781683e-01
5.825593559463317916e-01
6.463480954728115790e-01
6.672922543992523270e-01
6.734728506951763727e-01
6.771835518766664563e-01
7.024208368641564615e-01
7.578280534138408520e-01
7.905851812233317677e-01
9.596594367748811916e-01
9.878325376683529946e-01
1.016391455337176009e+00
1.033062335033449131e+00
1.093812871511885998e+00
1.094536681278638790e+00
1.103155193974169057e+00
1.129143647728813926e+00
1.142544294787872339e+00
1.241356482018255214e+00
1.288077733578260498e+00
1.291802948998231670e+00
1.317660940577852102e+00
1.339311227665550330e+00
1.339844376763409617e+00
1.357752967041815140e+00
1.382928042975605010e+00
1.388002405907590386e+00
1.466678150708360828e+00
1.555542989147736810e+00
1.564190735270984511e+00
1.617498555600272336e+00
1.621787701875108789e+00
1.624872350881872318e+00
1.680183217775503390e+00
1.720268771168584232e+00
1.766402400831312614e+00
1.927346376020777408e+00
1.931547061190499681e+00
1.948056208060208627e+00
1.966843366924736491e+00
1.983357540868904367e+00
2.016589230377776154e+00
2.053679946057458849e+00
2.070988319023356450e+00
2.100181067130781898e+00
2.142539300970632166e+00
2.167473413067912524e+00
2.202007358203488696e+00
2.208317453307992562e+00
2.255716827297002514e+00
2.280519373625431445e+00
2.286752449129665798e+00
2.307535356886719402e+00
2.335517576785496985e+00
2.353424910254882541e+00
2.365133786916067127e+00
2.406818373685946089e+00
2.523873102534203827e+00
2.535505525143573191e+00
2.637875177385719194e+00
2.660055128291205051e+00
2.672456728008777205e+00
2.722600482785181519e+00
2.730651830627183418e+00
2.856441694503165429e+00
2.921327936578142381e+00
2.944627627661299929e+00
2.948809028030876966e+00
2.964780780265920512e+00
3.069086826276026247e+00
3.092007712799919705e+00
3.106502493241975138e+00
3.110762946927685846e+00
3.129320376874304532e+00
3.204640787149910519e+00
3.252888710163769126e+00
3.296000189046305096e+00
3.296967126592841524e+00
3.326425171154690386e+00
3.473664898758235253e+00
3.488830612826947952e+00
3.500131236186705408e+00
3.597676640849876151e+00
3.604866790505404595e+00
3.648125024963638108e+00
3.654560446120526773e+00
3.671084813363108879e+00
3.671515988040606526e+00
3.674334728188025423e+00
3.676140082742571202e+00
3.694666247307739848e+00
3.716866796085807945e+00
3.755608030496023542e+00
3.803148483061165486e+00
3.808215354187965751e+00
3.818975462408215726e+00
3.833419272396453081e+00
3.854952822664003520e+00
3.880824896600377549e+00
3.942175127497147713e+00
3.943096747787589784e+00
3.950409672500408753e+00
3.971940686836433976e+00
4.066590060826292152e+00
4.081987133920644162e+00
4.090906248325613781e+00
4.107006013903101938e+00
4.136038303131297056e+00
4.136976941724859635e+00
4.139959902279245263e+00
4.153076676886043650e+00
4.235012996056819468e+00
4.251487721878713266e+00
4.258897903028364240e+00
4.286235705637967186e+00
4.298047647869177368e+00
4.309195210363993667e+00
4.333092877212869176e+00
4.378857914634545878e+00
4.379459574854836390e+00
4.398110448215046375e+00
4.562114814047846245e+00
4.590145492159268592e+00
4.714349942895968759e+00
4.742098122799597526e+00
4.748645421076044926e+00
4.782916571491417912e+00
4.796066405321529835e+00
4.837389019572409410e+00
4.838385140178332655e+00
4.866851352277597798e+00
4.950197262497388451e+00
4.966426067561327429e+00
4.968967946311062533e+00
5.004324387300588484e+00
5.023096514337624718e+00
5.032389193722040410e+00
5.042108469082420719e+00
5.052972886463473756e+00
5.120965654391608446e+00
5.143691956354617290e+00
5.147484349544074966e+00
5.169195014799339738e+00
5.186524392305915221e+00
5.198407250471948515e+00
5.214823259828292201e+00
5.232619781613947474e+00
5.301342602738327692e+00
5.329459551767926406e+00
5.366686829506752687e+00
5.400657547134991354e+00
5.423921185354237728e+00
5.524343273387821718e+00
5.537516307012114503e+00
5.701172868703508811e+00
5.779530061316947354e+00
5.803535788504746940e+00
5.832866823929895972e+00
5.863065443798527454e+00
5.898047070658456015e+00
6.006503908130101266e+00
6.035361999539659905e+00
6.041923328055823994e+00
6.089757441499994428e+00
6.114149840866417662e+00
6.131226815930630458e+00
6.139194996452318698e+00
6.141813323590782581e+00
6.164258095050550779e+00
6.172713998272524982e+00
6.183688072336550157e+00
6.226631065509148577e+00
6.266978913499732684e+00
6.289190693134853127e+00
6.298543403589850875e+00
6.299585660793275643e+00
6.388630190268231424e+00
6.423507821650765948e+00
6.475918772666848788e+00
6.579129844534246985e+00
6.585939833867015203e+00
6.657858325958357248e+00
6.658541611261664883e+00
6.685843530041525540e+00
6.698924756261872560e+00
6.702684814798802293e+00
6.740853554567571848e+00
6.748641749814954238e+00
6.880386138441480171e+00
6.950673163704285784e+00
6.974939049682541636e+00
6.988685717384324647e+00
7.022716435685185665e+00
7.107290213313596894e+00
7.113470778242175996e+00
7.151810760909229181e+00
7.189141324011633749e+00
7.231985519105081472e+00
7.238789140028723423e+00
7.263859176976912302e+00
7.332540967106745633e+00
7.425139158279076668e+00
7.489369632380408426e+00
7.556104177286815826e+00
7.559871053419595199e+00
7.577775008873172347e+00
7.694546997898171981e+00
7.696213334784023807e+00
7.723937304119443681e+00
7.764933278729626132e+00
7.868006749091029484e+00
7.890111004498696623e+00
7.907000817114874458e+00
7.938215154352758596e+00
7.941063667802704451e+00
7.989190559567902916e+00
8.024161679555636084e+00
8.041677319406476343e+00
8.044926005712472517e+00
8.145005841071245811e+00
8.172820098159672142e+00
8.203267365225269003e+00
8.231982453957316537e+00
8.232460617702633598e+00
8.248536335318600976e+00
8.293886572188810646e+00
8.298910895538405441e+00
8.372679659591950596e+00
8.406664181518705092e+00
8.549383481475922864e+00
8.581587217261922973e+00
8.609675198348234915e+00
8.658698725946361918e+00
8.673464196925710468e+00
8.714743334923685580e+00
8.721821007063960352e+00
8.817834187580846361e+00
8.856669160201345647e+00
8.876677555086901705e+00
8.884238473493535793e+00
8.927235205767482640e+00
8.984841682743970992e+00
8.988548158539428456e+00
8.993841275073172881e+00
9.098399792395341024e+00
9.127655274851942835e+00
9.148421965201070094e+00
9.151035522950609291e+00
9.183506133150453721e+00
9.220902683971413438e+00
9.244248081323865662e+00
9.281662412160846642e+00
9.287598326460361875e+00
9.317418053337375383e+00
9.336535093715925271e+00
9.341787666008626090e+00
9.390712524004563022e+00
9.437008175002977950e+00
9.439451587040107228e+00
9.458004514093406812e+00
9.539147059127348172e+00
9.570083042905292103e+00
9.600729878295076958e+00
9.610682037861156601e+00
9.683990380556293687e+00
9.696202086043109958e+00
9.697235172243757972e+00
9.704571138913946626e+00
9.705467560220371936e+00
9.708384937576605367e+00
9.730853780207294079e+00
9.755294423919293578e+00
9.758407381751688092e+00
9.766121178799803459e+00
9.812002739408146823e+00
9.850459031090052164e+00
9.929149959073852116e+00
9.945205204410870081e+00
9.978662899955365262e+00
9.987982908903608958e+00
