-1.475795846922621779e-01
-1.426926789382899352e-01
-1.390046810352106588e-01
-3.954076455594598971e-02
-2.040045258970646369e-02
5.830739655370026364e-02
6.996513518171282309e-02
9.704717968111581383e-02
1.173126881668372090e-01
1.750148780869651977e-01
1.774078038110472599e-01
1.779377235776060662e-01
1.801726053038187336e-01
1.981990243036488852e-01
2.294389005160238915e-01
4.098410544248079490e-01
4.446820135293973464e-01
4.716217268569651844e-01
4.918540698226397390e-01
5.690305854211399339e-01
6.320412966481965267e-01
6.852930134583661292e-01
7.101542184806575175e-01
7.630846833673015084e-01
7.668436258092126145e-01
8.464524934225334807e-01
8.859507346870518774e-01
9.922022977217954676e-01
9.988443204538659526e-01
1.052212555795409621e+00
1.052878683125445525e+00
1.065466264214327996e+00
1.081018512392108111e+00
1.083825625886553734e+00
1.156744682184353890e+00
1.172470335617358916e+00
1.187712783371198899e+00
1.204234050474915163e+00
1.302312237287405194e+00
1.349203101736606403e+00
1.385150844586619856e+00
1.456953623169682244e+00
1.464142524049992344e+00
1.468194626375658229e+00
1.479895768138054457e+00
1.502357128894701521e+00
1.538128870331567644e+00
1.546309235813136951e+00
1.568340530886002337e+00
1.570802248349297825e+00
1.630220594817866520e+00
1.631421260710799404e+00
1.650808514901696222e+00
1.656939763889112127e+00
1.667344958956400225e+00
1.692408964720228726e+00
1.735170449250313940e+00
1.737627792996678133e+00
1.742798886673036174e+00
1.744682606673155556e+00
1.751992659998320212e+00
1.760600802603684567e+00
1.789995208941022264e+00
1.890732503024539435e+00
1.893843063032666807e+00
1.902999862796145747e+00
1.937196877407399098e+00
1.963836857754218235e+00
2.007827930462837696e+00
2.019177776871098118e+00
2.042653693537637594e+00
2.059144240613203003e+00
2.237816212436364083e+00
2.273544624146573767e+00
2.296832418902867268e+00
2.354752509396475180e+00
2.389959214365255491e+00
2.534483901012853480e+00
2.574990877951912172e+00
2.576604267318743258e+00
2.629081575358446443e+00
2.635955187963229918e+00
2.662395368151259767e+00
2.667253920518715127e+00
2.673669199207977076e+00
2.697481920848641135e+00
2.700359038790339561e+00
2.721968563265633634e+00
2.769198657674194042e+00
2.793923643774909316e+00
2.822065201888928954e+00
2.873347942998741633e+00
2.926508298299793420e+00
2.929281834687655461e+00
2.948860085159389133e+00
3.006994049904056610e+00
3.007184629933419728e+00
3.013261717083297597e+00
3.032308383638560478e+00
3.060399688131163032e+00
3.122821154889188211e+00
3.164857650542300949e+00
3.236282931581522249e+00
3.258979021024018152e+00
3.287550250583910039e+00
3.348100435695745336e+00
3.348288769552056454e+00
3.351077470560622995e+00
3.360329178663903793e+00
3.367935585940852850e+00
3.446035702004824675e+00
3.498556215278552095e+00
3.510292414951330375e+00
3.528639135384331382e+00
3.636443673788796627e+00
3.656128126631054798e+00
3.686304323454797416e+00
3.721974146653432403e+00
3.722585718503252039e+00
3.743534828991542440e+00
3.758764209657500910e+00
3.765261708348823344e+00
3.774323600795967071e+00
3.827087404172553775e+00
3.828301878028253391e+00
3.851393136693318731e+00
3.865070327506313852e+00
3.884264845674313626e+00
3.928767637618727271e+00
3.957496487170845789e+00
4.054897479514943726e+00
4.066149496118313778e+00
4.074855069882763026e+00
4.079969595279015593e+00
4.160442971703866455e+00
4.167353804268008943e+00
4.186590693013217290e+00
4.231303147229941608e+00
4.269575031583408453e+00
4.295281796437968147e+00
4.339344446632601660e+00
4.425323366722555996e+00
4.440715913831346562e+00
4.447829945228222392e+00
4.485631862244269463e+00
4.528805262321565550e+00
4.592564280260732268e+00
4.611199046154347059e+00
4.823370494915222295e+00
4.875738556577705829e+00
4.903749246158631614e+00
4.918922934702491645e+00
4.924586520709072879e+00
4.935870807995490495e+00
5.105147695929383111e+00
5.108334587457727061e+00
5.114586488663723784e+00
5.157192674078001637e+00
5.191929532166471795e+00
5.226959412749501155e+00
5.259907684012738116e+00
5.304865187634716150e+00
5.379215334760144351e+00
5.386918540310937864e+00
5.397623631572760594e+00
5.399352432282186420e+00
5.430718795531693566e+00
5.515730149199505661e+00
5.545143749386840071e+00
5.560833370631290684e+00
5.587283309405205678e+00
5.599414107871240276e+00
5.601789505805485625e+00
5.609889581173265860e+00
5.612146674818027314e+00
5.662260054032583589e+00
5.705454339851025125e+00
5.710917897166519985e+00
5.720693540108636732e+00
5.746908190939464589e+00
5.851797909502554518e+00
5.903329433066885734e+00
5.940356644184010548e+00
5.974570978852948855e+00
5.983769374053639289e+00
5.994969028595711791e+00
6.062891443349776033e+00
6.080798638439855353e+00
6.082754844511247150e+00
6.130159698824280134e+00
6.168874650970346707e+00
6.344416455505447416e+00
6.380769590936901992e+00
6.402553436701108325e+00
6.505828950098701213e+00
6.544081308906858574e+00
6.561234792278117567e+00
6.588525999710258318e+00
6.590110322213901917e+00
6.617762256710750357e+00
6.636451050986566180e+00
6.664405590326830442e+00
6.700577581855509557e+00
6.827802318900458189e+00
6.835241399460120881e+00
6.909939699380715616e+00
6.939944415498864316e+00
6.939977731962435392e+00
6.951348368864186611e+00
6.952556069574933773e+00
6.965244635596621769e+00
6.970193922132954967e+00
6.989443303229979421e+00
7.032061981131498385e+00
7.126714973715624346e+00
7.132151447596212002e+00
7.156195846303997854e+00
7.247561275878135589e+00
7.258417804344774460e+00
7.322501034349789606e+00
7.328248709779561665e+00
7.337047466073617130e+00
7.348532567393285753e+00
7.372995946484984131e+00
7.397597431001121215e+00
7.524252615978089587e+00
7.534699189212369141e+00
7.556615869793715135e+00
7.565688188284032556e+00
7.640265466082301060e+00
7.660329619254403255e+00
7.689454114577015886e+00
7.746637615989609316e+00
7.879881305446912343e+00
7.885700528639396190e+00
7.902413978166438646e+00
7.945299294331525708e+00
7.973044622592367681e+00
8.031791731803725298e+00
8.114316153769003392e+00
8.212811871116016960e+00
8.225434694328214391e+00
8.238238137180674769e+00
8.314136584860792212e+00
8.325018704742298326e+00
8.350639939614959317e+00
8.373574536289371650e+00
8.379244656687790282e+00
8.384440867551381515e+00
8.424563843636077465e+00
8.466136446355273293e+00
8.503080690788054952e+00
8.544070702701086262e+00
8.554833957767705499e+00
8.599560006802143164e+00
8.624815605754506009e+00
8.652958841579280858e+00
8.688416362486336197e+00
8.708645247813732837e+00
8.733173490459270383e+00
8.758676706836670434e+00
8.777962234981298906e+00
8.808776004428489514e+00
8.827325476612436717e+00
8.840012243393728042e+00
8.845847597792568351e+00
8.876382391423250695e+00
8.878419949316214144e+00
8.893468780203276580e+00
8.919169016301601971e+00
8.983602802595468617e+00
9.021926593752082724e+00
9.072503783520424747e+00
9.149070655925987339e+00
9.220797259039823501e+00
9.271611896517056195e+00
9.293190559902486214e+00
9.299088836404493463e+00
9.358412847221909914e+00
9.381895228480741977e+00
9.394999842744132579e+00
9.414314429387477645e+00
9.415408795537208775e+00
9.422028264856814772e+00
9.488660337165118364e+00
9.568353490815173501e+00
9.616064250962507387e+00
9.617480627714666497e+00
9.673111751285077275e+00
9.793117493352061942e+00
9.794657859406706635e+00
9.808855214380768572e+00
9.814613487715853068e+00
9.844012856175709203e+00
9.861465579071422738e+00
9.899745446921643932e+00
9.996425326234493980e+00
