-1.267607306943290824e-01
-1.185779434161467055e-01
1.621062379078547777e-01
1.651609317493892837e-01
2.298752644951036483e-01
2.902121002964059282e-01
3.096870940350127666e-01
3.372038348330458901e-01
3.518766686787396236e-01
3.600205026882160042e-01
4.036280556667908859e-01
4.118595681851730528e-01
4.206491499134901724e-01
4.623433721074285407e-01
4.952122169238333815e-01
5.181072231855734511e-01
5.393967143869839997e-01
5.978413469752446030e-01
6.081427659302085509e-01
6.210501921813131876e-01
7.024644180017021178e-01
8.067636041147172588e-01
8.146508459265322522e-01
8.151115180912311686e-01
8.774146505758424475e-01
9.130235951028400354e-01
9.849094127539932408e-01
1.010401122023678155e+00
1.039217629390652320e+00
1.046859054712178549e+00
1.057416443596633782e+00
1.062129963095575391e+00
1.075176068525822481e+00
1.086568383695845741e+00
1.114989383462587025e+00
1.135568619187616202e+00
1.138704103842918869e+00
1.159589350311766465e+00
1.181237664891109818e+00
1.228366114943976184e+00
1.270406171520974681e+00
1.305131824627333126e+00
1.366267804155651966e+00
1.609670164668777215e+00
1.621795323165102776e+00
1.634748161270979105e+00
1.650108139155915588e+00
1.654290174758094034e+00
1.659915123379438251e+00
1.667960620374765446e+00
1.680108547410512188e+00
1.684603594013766692e+00
1.696291291212593588e+00
1.719583121846852913e+00
1.732061029128963314e+00
1.771783448002854700e+00
1.801046287016732750e+00
1.836077691641224918e+00
1.908184167988591140e+00
1.962436838808471640e+00
1.964238447890297445e+00
2.027083673967699617e+00
2.034807642522553639e+00
2.105840345938437164e+00
2.110876592872982904e+00
2.180109717901474120e+00
2.186901327271128181e+00
2.234089018909069857e+00
2.252796578248866588e+00
2.262485731779830811e+00
2.311900162438790929e+00
2.333588584273659894e+00
2.441326036161153734e+00
2.447382932607776951e+00
2.491388677955228559e+00
2.509390828447379374e+00
2.516142140705191377e+00
2.550631307957147431e+00
2.556414877047194611e+00
2.556667595311191921e+00
2.612226316330055198e+00
2.650977249682432202e+00
2.820217871214927730e+00
2.823167008290160762e+00
2.839987750005835920e+00
2.944769730550935272e+00
3.027583616774300435e+00
3.027969133489632814e+00
3.029302975070292447e+00
3.059863518217833978e+00
3.074008544140066856e+00
3.084250485221571747e+00
3.172989456075241410e+00
3.177008335445985487e+00
3.180985554775975999e+00
3.194125357490889883e+00
3.261431853695610172e+00
3.287843295064744265e+00
3.296079363919419691e+00
3.442553301856710490e+00
3.451705292010725845e+00
3.469089195559885930e+00
3.521949094833892957e+00
3.540653262595842232e+00
3.544133971324403110e+00
3.589567150165516196e+00
3.606927296930007021e+00
3.623949735265697747e+00
3.649994870602240038e+00
3.718610524025976805e+00
3.811537730196972618e+00
3.838488839861463831e+00
3.843607383052380477e+00
3.877965947820809056e+00
3.890055525969608574e+00
3.892786166655128000e+00
3.902100154184144465e+00
3.914884116394837577e+00
3.915838128177144384e+00
3.966304103327738417e+00
4.083230535972676378e+00
4.099213586844059343e+00
4.107870063138824079e+00
4.144558473355019146e+00
4.168668096212814866e+00
4.188747047019620418e+00
4.192488607484595065e+00
4.227928882518529718e+00
4.257307189344018639e+00
4.361402299137867367e+00
4.407283924295902544e+00
4.461281775064959376e+00
4.574228391959105799e+00
4.584011490756585872e+00
4.621261169399774715e+00
4.696595467747265218e+00
4.870783318902411452e+00
4.872204354515077718e+00
4.905061672596874089e+00
4.910974340160280782e+00
4.927911714461265191e+00
4.986235136902513965e+00
5.035324849903640043e+00
5.037828534090199817e+00
5.055542908234303745e+00
5.056865038319752870e+00
5.133426193279634120e+00
5.138180262710648982e+00
5.141104924535762954e+00
5.184826087737291367e+00
5.193340464642293597e+00
5.223737061811245752e+00
5.240711435241602878e+00
5.246632191412162527e+00
5.250203782955438214e+00
5.273520273982839512e+00
5.291733660932218086e+00
5.305998501424565639e+00
5.355635142541911975e+00
5.399469445401153145e+00
5.493287250882359807e+00
5.535834823168191754e+00
5.563053637755491110e+00
5.565846844621597178e+00
5.575371996738271108e+00
5.613976618761220116e+00
5.622167913854417165e+00
5.656733454004459816e+00
5.665254164297571116e+00
5.673815343310423032e+00
5.680416319839058481e+00
5.686341402967301839e+00
5.746187635389829573e+00
5.801750441110602452e+00
5.842414380923697692e+00
5.877864515034480597e+00
5.915478014960394049e+00
5.958323641864700981e+00
5.988336576366980246e+00
6.113293776346131914e+00
6.116563408255442980e+00
6.166029306259821041e+00
6.349294627480191799e+00
6.359967421583076153e+00
6.362287644018675081e+00
6.369694860885469545e+00
6.372965853530950575e+00
6.401159180257413261e+00
6.428216454279780834e+00
6.437461719950174022e+00
6.445038782879567663e+00
6.482263980513549129e+00
6.533638886334326656e+00
6.536778410328806466e+00
6.628661810449425928e+00
6.711834673571904553e+00
6.733042066428978067e+00
6.738479094450058327e+00
6.742661050093203379e+00
6.751978071612045440e+00
6.754367075580907986e+00
6.792477607271312223e+00
6.817925839916449071e+00
6.847675390127031747e+00
6.855304547904795598e+00
6.898105293664130500e+00
6.901087227069790941e+00
7.084606263786357161e+00
7.096273475439978995e+00
7.105101100180558404e+00
7.107030064439509687e+00
7.176710373246049102e+00
7.198220022049896194e+00
7.366738902610024731e+00
7.380171424299102334e+00
7.407224705518525631e+00
7.407905410354675091e+00
7.482984930788533440e+00
7.513991827753005559e+00
7.531310088732991126e+00
7.536569458468034277e+00
7.537190425076062184e+00
7.566118228239572474e+00
7.568015458303340992e+00
7.587425897809130682e+00
7.628083321974007625e+00
7.777737860276369375e+00
7.839250680925828441e+00
7.847248026158690770e+00
7.867644522460639500e+00
7.921332994730625465e+00
7.935016841285654543e+00
7.960486688940636490e+00
8.081989316653922728e+00
8.111512159863575988e+00
8.161606371016022266e+00
8.198141039634291971e+00
8.288835729473021274e+00
8.350730809013075628e+00
8.353017752088607750e+00
8.362690411046436623e+00
8.437825655882072340e+00
8.462816997248491901e+00
8.477958063213026918e+00
8.482633367241389166e+00
8.552174040949296341e+00
8.579486569501579396e+00
8.611588155242671405e+00
8.628436651627339415e+00
8.632064256893423604e+00
8.703317294864676867e+00
8.711556179324585258e+00
8.727287823774787512e+00
8.732845637795040972e+00
8.751332516795860883e+00
8.790570470649907264e+00
8.857384315297693433e+00
8.869514323581979554e+00
8.874091633476059116e+00
8.892610894926706422e+00
9.063510165144917252e+00
9.067838172321454948e+00
9.085491645448318110e+00
9.137432182770286460e+00
9.141174155405350277e+00
9.147023385989662358e+00
9.199703850789127557e+00
9.224064141737500222e+00
9.231996963972227022e+00
9.294401981423128234e+00
9.331985175153651113e+00
9.403175837435776785e+00
9.403675114637506383e+00
9.416959716211987796e+00
9.423705107025403649e+00
9.526858152473543839e+00
9.530623081544451480e+00
9.563115771014242483e+00
9.568730091622711598e+00
9.617093863474938331e+00
9.681675247391469341e+00
9.693489823761041180e+00
9.733653353970032285e+00
9.753337693522476926e+00
9.786371299257206502e+00
9.835507949356356860e+00
9.882174207659144116e+00
9.903769904151154435e+00
9.922896465648671338e+00
9.947706171992386714e+00
