-1.559958174161835687e-01
-1.398427002971187605e-01
-1.387901628573393609e-01
-1.327933188849245716e-01
-9.879354567781599428e-02
-8.669866726184280448e-02
-5.857655411847975668e-02
-4.306643672900273279e-02
-3.570420455681938554e-02
1.040736166798920115e-01
1.120668112290629792e-01
1.232503033294876649e-01
2.240452605916926632e-01
2.305815157505107238e-01
2.529804061512331281e-01
2.966545025689042436e-01
3.145248039258499717e-01
3.504940130968891565e-01
3.771975308968069096e-01
3.819733158187050281e-01
3.957757683509013913e-01
4.081420953585813138e-01
4.112131038858764520e-01
4.254636822378142225e-01
4.352749038207946453e-01
4.399231077651534760e-01
5.042529220198781470e-01
5.277728211825507554e-01
5.804651643389551197e-01
6.117626094604817766e-01
6.204200680696501102e-01
6.549191672930956276e-01
6.758086370710343349e-01
6.798281284731475527e-01
6.931502422385780182e-01
7.335581092842318185e-01
7.600266275499716340e-01
7.918790182515607068e-01
8.132476149445404534e-01
8.384213969383016440e-01
8.487199314806377348e-01
8.836984496034907544e-01
9.340464700084105676e-01
9.397770420313393824e-01
1.041201998215364855e+00
1.047406343810281637e+00
1.103555032234873945e+00
1.108920186585431233e+00
1.147579888400548143e+00
1.159754022596913403e+00
1.212404170604103104e+00
1.227079436168191373e+00
1.284182995025271001e+00
1.296258636748771620e+00
1.329891038592641461e+00
1.332119170661305585e+00
1.389872779516940549e+00
1.426234741035211862e+00
1.448108394403995192e+00
1.485958593228528857e+00
1.520189849438199126e+00
1.528010379416368636e+00
1.561208586147622368e+00
1.569314782127974928e+00
1.610087074081400393e+00
1.629375477000056360e+00
1.638437916165792263e+00
1.663543637899955074e+00
1.702831728282045542e+00
1.711562413370933289e+00
1.720082070203094338e+00
1.767582583741095670e+00
1.781132179982536146e+00
1.842459566694392814e+00
1.855991531527413807e+00
1.869001547229145688e+00
1.953652734321919437e+00
1.988807590862249119e+00
1.996762672546304129e+00
2.021321515652587664e+00
2.024611058546865294e+00
2.041643789888675897e+00
2.067749922703837395e+00
2.174366077869703151e+00
2.212210179161246071e+00
2.266817010868554583e+00
2.286100249813107776e+00
2.405828425415350136e+00
2.449850160814023070e+00
2.465462843346764910e+00
2.469844514983202011e+00
2.490812378177324593e+00
2.502811632498762151e+00
2.521346156330864119e+00
2.527151492771352093e+00
2.563455664319852723e+00
2.616882333709647401e+00
2.731063448484332579e+00
2.756226313367353242e+00
2.782944195157150080e+00
2.881501772949706996e+00
2.991138844639963601e+00
3.040445813334403002e+00
3.043457803412437102e+00
3.068785940922410305e+00
3.110492404337590777e+00
3.130129297015763701e+00
3.140430685950442058e+00
3.146263309808133180e+00
3.154597760955614838e+00
3.173366866657030716e+00
3.221488399165172378e+00
3.233304511425361127e+00
3.234867727648965907e+00
3.342217981284308248e+00
3.354902977370891382e+00
3.358910113230356487e+00
3.377428278575675513e+00
3.378233420926862962e+00
3.394521085671554417e+00
3.408798087095190166e+00
3.428302144696703913e+00
3.474263263843108351e+00
3.532959451809741136e+00
3.562678328521163618e+00
3.576619861938873157e+00
3.579354456008304819e+00
3.585690316067643213e+00
3.593014042941610420e+00
3.640406616670687434e+00
3.698869239020570188e+00
3.702397328605399274e+00
3.738620239434299997e+00
3.759254267516820125e+00
3.759824129063679798e+00
3.760595703184341332e+00
3.798125934200280884e+00
3.800704166986161425e+00
3.807819723262040768e+00
3.808327747554579368e+00
3.845265179319012461e+00
3.901890240928427289e+00
3.905902735553492988e+00
3.921266854855161910e+00
3.926138567980779648e+00
3.954451060686713149e+00
3.968353226082337315e+00
4.096745506270782045e+00
4.149041658951080791e+00
4.209039468635575432e+00
4.225670870378034572e+00
4.244527285809396311e+00
4.247010198836212780e+00
4.281044888527929970e+00
4.301194310174558666e+00
4.334037423436513770e+00
4.349682721506805905e+00
4.412939613490368451e+00
4.471595226414913249e+00
4.486445892109845346e+00
4.516314838304300139e+00
4.544444288278917554e+00
4.568514576876629540e+00
4.650225686170410988e+00
4.661471032572951145e+00
4.684526788915142070e+00
4.701342153631410170e+00
4.719311802173077552e+00
4.730586104146173199e+00
4.905662365044512363e+00
4.963903908230393291e+00
4.982980199007441158e+00
4.996338952007319811e+00
5.068321014730083007e+00
5.074798698008006426e+00
5.098207999448547412e+00
5.132040630295817252e+00
5.144804596845780509e+00
5.150376062188756876e+00
5.192370214010749052e+00
5.208987276158656421e+00
5.209359323786345364e+00
5.361890327584069027e+00
5.413625090916172056e+00
5.429542855440404381e+00
5.453453443378588616e+00
5.477733286639947963e+00
5.484358228381782219e+00
5.518688751439711382e+00
5.538641990516145697e+00
5.567604339348478426e+00
5.569650719706219277e+00
5.590795487726363255e+00
5.594649497015467432e+00
5.607610618143493930e+00
5.617233182222808985e+00
5.644952280185939308e+00
5.679993932969882309e+00
5.691021894672937620e+00
5.793045637023819694e+00
5.795514110587023815e+00
5.825128390429086700e+00
5.874519457169648184e+00
5.927461472060772785e+00
5.955388420604249333e+00
5.987981739248791513e+00
6.001598442465365224e+00
6.052687468809269333e+00
6.080432215602880497e+00
6.085400824996129998e+00
6.099366674257712617e+00
6.165910254743633523e+00
6.272115331622179824e+00
6.341201831587105708e+00
6.380127549336215509e+00
6.479215113159518147e+00
6.483096002230801069e+00
6.509003748557726787e+00
6.515037395159231082e+00
6.538818925848870478e+00
6.567220560393257855e+00
6.584142363533725728e+00
6.610372365215814838e+00
6.675184877184977772e+00
6.720787370998161592e+00
6.790771054020023456e+00
6.803545194759409220e+00
6.871061026102091240e+00
6.909386315834432857e+00
6.921908447800493747e+00
6.935993167017230121e+00
6.959312741983247008e+00
7.088190331285485257e+00
7.101531410715749892e+00
7.104453533204911686e+00
7.107073383422608970e+00
7.126774333225476710e+00
7.196324277874383668e+00
7.210365557262685243e+00
7.262934227246468311e+00
7.267279444587760651e+00
7.267642781181325340e+00
7.435702876379334469e+00
7.456779178100068073e+00
7.483747295973222968e+00
7.511062311541987668e+00
7.516700715260571819e+00
7.580745753281742161e+00
7.594499937958638647e+00
7.598169125617628694e+00
7.606559501953793045e+00
7.620942662831017067e+00
7.661604620689863587e+00
7.663399734535811803e+00
7.698890138348400747e+00
7.709657127941397903e+00
7.783378631833248740e+00
7.815825887183184939e+00
7.824462267717703590e+00
7.930828619000387825e+00
7.984441689409250920e+00
7.993519964407856726e+00
7.995055118418352258e+00
7.997618839367061305e+00
8.023533764780806266e+00
8.078994012847799056e+00
8.101701246740015350e+00
8.112450333341508113e+00
8.141966808079802220e+00
8.144115409912833670e+00
8.234814334668730140e+00
8.241274813399863675e+00
8.251145072649075374e+00
8.256614805419843606e+00
8.262973431696082116e+00
8.291222520453603195e+00
8.349541690076765832e+00
8.389373393830259928e+00
8.479806298227750005e+00
8.494660438933989255e+00
8.738746881122839483e+00
8.763721386275468817e+00
8.766638871299385016e+00
8.807765447236928225e+00
8.849429288208183308e+00
8.861762110148454497e+00
8.861871355923154780e+00
8.900796885661703683e+00
8.935074291725987550e+00
9.000312634199664430e+00
9.073809260889527550e+00
9.080971075223212452e+00
9.101141079530755462e+00
9.171409775022219435e+00
9.301714456109534623e+00
9.321113186485614932e+00
9.376945163906588832e+00
9.386150640280076729e+00
9.388892161026646477e+00
9.391497623431900976e+00
9.424217739109693071e+00
9.436545115240409842e+00
9.445090146885586790e+00
9.445655561137828116e+00
9.483487510785387542e+00
9.488655046139106375e+00
9.507833522670125603e+00
9.550818061492416078e+00
9.563809254485960309e+00
9.684570506052088135e+00
9.700018181482027657e+00
9.709832105529571322e+00
9.711363301685450367e+00
9.719947507918814011e+00
9.722188881006868399e+00
9.770810197633865712e+00
9.779535114170061050e+00
9.783332394788489594e+00
9.810846201214532769e+00
9.856667395382920915e+00
9.865206146534717391e+00
9.876813184064413775e+00
9.928697938118768107e+00
9.950306607677669390e+00
9.970770101656755813e+00
