-1.974379400132594276e-01
-1.458133233325926981e-01
-5.860258660459000124e-02
-2.209989574894258291e-02
-2.158064380791979708e-02
8.125127023046602170e-03
2.361315602973060312e-02
7.057875673470664912e-02
7.938048436722250356e-02
1.063989053917837047e-01
1.102132435886761797e-01
2.094246081616575328e-01
2.516083908524636148e-01
2.569264940428245270e-01
3.527903708921023562e-01
4.070157360233394583e-01
4.270617536140768888e-01
4.281186619627826428e-01
4.568087330322259665e-01
4.675413250458846925e-01
4.688937802674148503e-01
4.833247676069893362e-01
4.845215722881316966e-01
5.269772175931008995e-01
5.527798867508808556e-01
5.655111713522911199e-01
6.994981331623046916e-01
7.167768601976234333e-01
7.262111269525794999e-01
7.599721893003992257e-01
7.841620662375048401e-01
7.852328693936156956e-01
8.525812034017170582e-01
8.596984431394500970e-01
8.801461505593095591e-01
8.804198585723694848e-01
8.942811514888853175e-01
9.139307542009242891e-01
1.006950379272051332e+00
1.048830575390436559e+00
1.061550190826426210e+00
1.122741546984996841e+00
1.179763583335466048e+00
1.223081786653027470e+00
1.232594177497805976e+00
1.252940372045975082e+00
1.256358144947823829e+00
1.283560891079966293e+00
1.325985977899212021e+00
1.350291245084283220e+00
1.383578035402876605e+00
1.392305168865510367e+00
1.395575857194795155e+00
1.492001197277858848e+00
1.498014990586864492e+00
1.545212453039700673e+00
1.556473353685869254e+00
1.569599151006677351e+00
1.570759683398860185e+00
1.577623499625070203e+00
1.754208114193628543e+00
1.845448571720173847e+00
1.850731080741866430e+00
1.895850524477990851e+00
1.898507070634957605e+00
1.904509347601670344e+00
1.909667985253602263e+00
1.953866327823414073e+00
1.999933030229738451e+00
2.009726451256134361e+00
2.027388531749053424e+00
2.027552550850313384e+00
2.031608523784433462e+00
2.033517986431526037e+00
2.051182611352972973e+00
2.150653055948165360e+00
2.156168517601746437e+00
2.173863470147489707e+00
2.182623757462607728e+00
2.210952485838249437e+00
2.239924282162409241e+00
2.240501595343573626e+00
2.244241508812796049e+00
2.247047439589647144e+00
2.280367610451328630e+00
2.367954566988418552e+00
2.400956128598725758e+00
2.423903818402186605e+00
2.556834983602293665e+00
2.583458586620537289e+00
2.642303242688742060e+00
2.649087316450661866e+00
2.657661300211402455e+00
2.675809102761234737e+00
2.773351910465070791e+00
2.830157255582400389e+00
2.833262098557238762e+00
2.913391276250857143e+00
2.925998440545082513e+00
3.016091715970810494e+00
3.047237243715336774e+00
3.079418894609331048e+00
3.102001890772570825e+00
3.103027914148383637e+00
3.122637593800670963e+00
3.155716808806827256e+00
3.166867394021260829e+00
3.169289267140450672e+00
3.280849803922113672e+00
3.297373524241811182e+00
3.344139478400591781e+00
3.465977579205626657e+00
3.507900470443131802e+00
3.519996521380503562e+00
3.521670908234084241e+00
3.580094959711773051e+00
3.593419792089852738e+00
3.596817332286907476e+00
3.603533526721614422e+00
3.618822305658736749e+00
3.622990765433148574e+00
3.628012921555894277e+00
3.649750439005109648e+00
3.668695595113108610e+00
3.689123057915021153e+00
3.753996092830998776e+00
3.759447735331978624e+00
3.779366359526049379e+00
3.791474449871969021e+00
3.824587930782890943e+00
3.850776454092532219e+00
3.855712343095506256e+00
3.908629942871413299e+00
3.934202144830999615e+00
3.946569795927234559e+00
4.013742610686670709e+00
4.055874152301131907e+00
4.073668293059921730e+00
4.081884162276393724e+00
4.135413070666097646e+00
4.209402977466544904e+00
4.237542905057877007e+00
4.327525039493618664e+00
4.350145085247487664e+00
4.367457126338600837e+00
4.405218949492263114e+00
4.451235210000831444e+00
4.472089354352621449e+00
4.524257144432810129e+00
4.535243391976385041e+00
4.551032043415727202e+00
4.561668802958538826e+00
4.601083723234519418e+00
4.612336693202437665e+00
4.623891196145554439e+00
4.648843766939450006e+00
4.695971939429110620e+00
4.697935411425686603e+00
4.699039653331589683e+00
4.715607021151334344e+00
4.717030985650811914e+00
4.746524359721817632e+00
4.839481223033537560e+00
4.862734027868294007e+00
4.862990648013390427e+00
4.950152756071513949e+00
4.977590587082843854e+00
4.996951227896314407e+00
5.020051288193215555e+00
5.027975629181230310e+00
5.096248626074408428e+00
5.110554704213770449e+00
5.166110580330372848e+00
5.220745623247643685e+00
5.244934125422597404e+00
5.261056208050893801e+00
5.366320755744083293e+00
5.373562686873476046e+00
5.376887336570472797e+00
5.381801269456397918e+00
5.383788296696637943e+00
5.388505072056409162e+00
5.485179532723433837e+00
5.501536109717280354e+00
5.529981150691028802e+00
5.593030504898225175e+00
5.593979270815949256e+00
5.620548640591134237e+00
5.651444537042556782e+00
5.724984616563336459e+00
5.779460255511485123e+00
5.793436992418039111e+00
5.819890443548011660e+00
5.909413337228993868e+00
5.938318381804982948e+00
5.998134497045557900e+00
6.043951299741978644e+00
6.094033284202312828e+00
6.106462242109841121e+00
6.143109369721573287e+00
6.144225363279664620e+00
6.348144604266113156e+00
6.390651769939763582e+00
6.528549799550706467e+00
6.532887448257216789e+00
6.544222314944647678e+00
6.582624344315488152e+00
6.586689543493048582e+00
6.632747768075485162e+00
6.643981608538382488e+00
6.661201287431176787e+00
6.800994533888345295e+00
6.833814865459155286e+00
6.852371303877062836e+00
6.915111518231924492e+00
6.920291121753566976e+00
7.027266861595223624e+00
7.076236983191025232e+00
7.089561330735371314e+00
7.105472601284818168e+00
7.132442566636862935e+00
7.157980827044990058e+00
7.177516466298701658e+00
7.256210297129370268e+00
7.299674575809580901e+00
7.376192118757325389e+00
7.454900362745829234e+00
7.490639942279752717e+00
7.508223429525650694e+00
7.572754353446607745e+00
7.586440725021705411e+00
7.646522151846729898e+00
7.672646327565182389e+00
7.712262771802868677e+00
7.717128120043883044e+00
7.755954120257810835e+00
7.805953217290107382e+00
7.885319757055602174e+00
7.927342899880112093e+00
7.943757548068847818e+00
7.959311104049732855e+00
7.972071083165842786e+00
8.012158048352382878e+00
8.030767179580237780e+00
8.078157536735988131e+00
8.095902714724708460e+00
8.141960364778237036e+00
8.146712058886988572e+00
8.195920529932687160e+00
8.458246786950478935e+00
8.486630421035693317e+00
8.532737583970684270e+00
8.727823201251302621e+00
8.787500877638546370e+00
8.812926990140720562e+00
8.838835326443605922e+00
8.842071351534931622e+00
8.864845766445602848e+00
8.884188875332190705e+00
8.926266377239878480e+00
8.938404466342223742e+00
8.968565104108893848e+00
9.015023858129413981e+00
9.130681812263562236e+00
9.170782350857097143e+00
9.199863209222398197e+00
9.235720032129853152e+00
9.316391894741160584e+00
9.348953871651579206e+00
9.384617079905607895e+00
9.421791373654263779e+00
9.429457068740664027e+00
9.447496235401610321e+00
9.452595875541613069e+00
9.515892093805637941e+00
9.535487216217827466e+00
9.626861728711078925e+00
9.678281979350723319e+00
9.687712095980469229e+00
9.721643359616138014e+00
9.729581904064952269e+00
9.841659217261121029e+00
9.877694427384261289e+00
9.882297853887475725e+00
9.900810568488504160e+00
9.969266621183487942e+00
9.972302550480590000e+00
9.991108029273778612e+00
