-1.274282694249534165e-01
-1.237922958592659883e-01
-6.791134249084135321e-02
-2.774352637125940269e-02
3.130115759321178137e-03
2.264391253077033261e-02
5.639270206871832558e-02
1.145764137940220584e-01
1.518503623830337879e-01
1.906737945284077140e-01
1.938513944039687020e-01
2.038755970128344197e-01
2.256418309885931395e-01
3.007341746168396557e-01
3.730619798077171034e-01
4.064950764457734844e-01
4.087594759072469830e-01
4.431565725653924814e-01
4.622156734103353704e-01
5.072364701724616509e-01
5.152726219162326871e-01
5.560473513928725353e-01
5.580801596474378456e-01
6.161010679173153370e-01
6.237587293921931231e-01
6.539128785693346657e-01
6.654517080102952953e-01
7.006705088882969612e-01
7.394105336601783929e-01
8.548175761758767255e-01
8.686662280100294620e-01
8.858789053263749214e-01
8.991638194218800617e-01
9.133685753213234282e-01
1.035461941666373065e+00
1.038506565583414698e+00
1.041136322562921102e+00
1.070840188323066267e+00
1.071799514988423629e+00
1.075434091672760273e+00
1.127237072932466777e+00
1.160238978103918406e+00
1.168826753947837638e+00
1.176141291035927239e+00
1.233998778165423138e+00
1.341950850521646865e+00
1.346634953675474256e+00
1.414950715226871214e+00
1.432456351774566539e+00
1.438806711920525672e+00
1.478393850969186518e+00
1.513337892804412110e+00
1.521151830306284980e+00
1.529079593607803877e+00
1.537422752641913526e+00
1.571897770067870681e+00
1.585534135497608910e+00
1.595277918224113689e+00
1.626210894794912987e+00
1.695800960879336294e+00
1.699607869000631322e+00
1.755118295213998758e+00
1.773840955705934030e+00
1.774809069721250632e+00
1.776232580358841240e+00
1.823515158011121740e+00
1.838282533144721898e+00
1.856066576035804827e+00
1.912789218163031491e+00
1.919459931929733409e+00
1.955272676820631217e+00
1.960243671709654523e+00
1.971456778429136358e+00
1.972886532386400438e+00
1.982201828064107607e+00
1.982838831176482186e+00
2.000260680224610788e+00
2.005534958990715211e+00
2.079977992170372492e+00
2.104648815324230426e+00
2.165781830703925159e+00
2.176797623094791412e+00
2.186032734499857799e+00
2.192387614669493168e+00
2.209084357256046349e+00
2.264421297830684576e+00
2.271113097201956865e+00
2.276960480536129428e+00
2.298792639916508396e+00
2.302387074844058024e+00
2.365892585601772957e+00
2.408680936706179221e+00
2.410185733784484086e+00
2.484701919810913928e+00
2.516484279044744365e+00
2.556084588053441298e+00
2.569982165624028259e+00
2.574757139263509575e+00
2.599417389651216936e+00
2.605113103222831406e+00
2.621346065957137039e+00
2.635526490300981628e+00
2.662899351565399364e+00
2.681120743684895835e+00
2.707542454053242675e+00
2.738699292127597218e+00
2.761050516416513556e+00
2.780937923008681256e+00
2.786022954914178396e+00
2.814638186192901070e+00
2.908929870396308459e+00
2.912832241763704033e+00
2.923710465151980298e+00
2.927821465682460378e+00
2.963423694516150064e+00
3.019720991163232782e+00
3.023653987779562957e+00
3.042418342342530835e+00
3.056049382466440090e+00
3.070806453867540142e+00
3.108756285203044811e+00
3.117803030742597237e+00
3.122426732122145054e+00
3.136632076360374111e+00
3.146651068765152548e+00
3.232495075459066669e+00
3.245350492824833122e+00
3.298421969831994982e+00
3.300883292224160659e+00
3.314669860932323076e+00
3.318952927989756496e+00
3.353536698203975153e+00
3.356579702855207792e+00
3.365590469896934778e+00
3.403620795854974901e+00
3.407065028433050813e+00
3.448102438646723389e+00
3.452256924273326089e+00
3.455198107335920810e+00
3.458500745370884033e+00
3.527142521797285823e+00
3.560774483543124092e+00
3.575237137533731069e+00
3.633466464062060641e+00
3.664637500069536813e+00
3.728779843216881495e+00
3.755289954218666182e+00
3.767837653484729099e+00
3.790164441990266031e+00
3.800501406775254054e+00
3.805770691854780452e+00
3.825778844204463347e+00
3.835659983887979685e+00
3.899124830136106112e+00
4.001121820172020449e+00
4.002804256009654615e+00
4.007420666840356915e+00
4.035457232166796970e+00
4.192074422369503672e+00
4.275366241485392571e+00
4.284162956842226144e+00
4.298600724828543385e+00
4.311885723163979556e+00
4.348026826743983442e+00
4.372619502588712237e+00
4.477088904353506038e+00
4.496758402137015942e+00
4.502065273690655012e+00
4.545214301596794293e+00
4.570058494436914920e+00
4.585644585383898963e+00
4.602106033473829960e+00
4.682025734704058806e+00
4.697045859244123100e+00
4.750998778275976164e+00
4.777139686717575273e+00
4.797961815227245630e+00
4.812393786423786679e+00
4.831368685586189926e+00
4.873137467713529958e+00
4.932690896751094733e+00
4.989168404692855496e+00
5.003498470889596206e+00
5.009119918965207141e+00
5.051254672327931239e+00
5.064596894584251885e+00
5.112567044790918835e+00
5.145559408767002907e+00
5.174193750285835058e+00
5.205465785203037932e+00
5.209024338475716220e+00
5.222587935994162045e+00
5.251342319634723310e+00
5.335131757215432202e+00
5.361894018102903559e+00
5.377611954402960137e+00
5.497940548785422266e+00
5.506006465092236013e+00
5.593528798365774435e+00
5.633780913342557817e+00
5.702382125575288896e+00
5.750768242999459545e+00
5.889070303824955666e+00
5.903687479808549021e+00
5.962965522326876489e+00
6.070483243146008512e+00
6.077766661653481783e+00
6.084174761337814985e+00
6.105504456429054372e+00
6.171519517107555863e+00
6.256742875780854973e+00
6.262378768026032994e+00
6.312570078048543643e+00
6.335530470685890592e+00
6.362543475477341559e+00
6.418813118097915549e+00
6.441100570070070752e+00
6.519943273340596868e+00
6.550565680605375363e+00
6.567774883562417898e+00
6.621188393208236711e+00
6.671936687688676315e+00
6.715346786494303721e+00
6.728337070954290233e+00
6.746662156085521111e+00
6.872161249470932098e+00
6.923394665814618598e+00
6.929642914586108482e+00
6.950728042207768631e+00
6.959012089920754818e+00
6.994727182159553358e+00
7.067769798123309855e+00
7.104672427141750291e+00
7.121386458750256665e+00
7.138543556082362684e+00
7.258321109366993262e+00
7.261648696394946256e+00
7.267629707308368658e+00
7.278928613738405495e+00
7.282091465755532234e+00
7.290283255587674205e+00
7.298387609913309149e+00
7.354065212921189421e+00
7.379927372949129705e+00
7.397471635729715445e+00
7.405309144231872587e+00
7.446113033784998336e+00
7.452813420197293759e+00
7.515782892159200479e+00
7.518447865674370512e+00
7.575943696471264310e+00
7.592415047073460599e+00
7.631135445441529441e+00
7.633779770110015406e+00
7.640351545077623818e+00
7.656771909787401853e+00
7.701074747645673568e+00
7.736459060271680066e+00
7.751885628006350615e+00
7.754646117508181113e+00
7.777132278278061861e+00
7.786974961911420579e+00
7.831090705813029906e+00
7.867976549217632787e+00
7.877812420149690631e+00
7.878766686609872671e+00
7.881908022194203944e+00
7.894265656231650219e+00
8.054768907023435176e+00
8.056512149295091518e+00
8.085089547549587863e+00
8.147454666694848413e+00
8.184290251546769923e+00
8.220787841743984359e+00
8.283576983235906965e+00
8.341600493487584700e+00
8.365993275208742475e+00
8.526020713791377048e+00
8.602786106339008754e+00
8.604394359517778312e+00
8.606477081893146419e+00
8.675473381958004992e+00
8.688279770172723460e+00
8.711865901242141774e+00
8.720145403719230970e+00
8.759795843352893741e+00
8.835667373667636326e+00
8.854497867395009436e+00
8.882585184398221756e+00
8.886691794880722028e+00
8.890323839175145793e+00
8.968580036739568939e+00
9.013741300351568952e+00
9.016157713474916235e+00
9.047729210773008290e+00
9.069007922356359330e+00
9.086511982340992333e+00
9.094016193904721490e+00
9.100297530275328839e+00
9.100994946435047694e+00
9.126289516872043706e+00
9.129531608271065579e+00
9.218092394330646755e+00
9.237341575002842475e+00
9.255556665643499770e+00
9.269612406017184725e+00
9.382610604666217213e+00
9.388573865888197645e+00
9.398678421387607784e+00
9.450227188907453169e+00
9.473397139325003380e+00
9.584041878162308237e+00
9.589001165734162058e+00
9.611970610848270979e+00
9.657801482610686605e+00
9.660894664375996754e+00
9.672837278229586389e+00
9.708306908882974540e+00
9.753953325069346647e+00
9.780435580830824094e+00
9.860747137903674187e+00
9.867558990441121836e+00
9.929724103121369438e+00
9.942087631406424819e+00
9.992374690098898782e+00
9.994668178466653785e+00
