-1.649212969922632110e-01
-1.126614632672506139e-01
-1.088240681998563220e-01
-2.469082401772845770e-02
2.109959925466589614e-02
2.730653362190249567e-02
3.001271222258353188e-02
7.928547146529513201e-02
1.095110257841160339e-01
1.152361357297056466e-01
1.282247742726087547e-01
1.377488226721577114e-01
1.758861858378039655e-01
3.068446877547694185e-01
3.227895651338449912e-01
3.871951207763660308e-01
4.492821459179692778e-01
4.878083495857274410e-01
5.764831196061668273e-01
6.677777420071622227e-01
6.726739869090569979e-01
6.915864973678282901e-01
7.459531943784463159e-01
8.277499379361787923e-01
9.424919737444821255e-01
9.617970372125332901e-01
9.653579097230744477e-01
9.856820034598707814e-01
1.024684375407935111e+00
1.123238568395606096e+00
1.177236752714126977e+00
1.197267134867720628e+00
1.233863897767611073e+00
1.242673522264283958e+00
1.244115292222315539e+00
1.250596865551491410e+00
1.313631744986770267e+00
1.335580586244281331e+00
1.348995228440595939e+00
1.355915469975310872e+00
1.357209513771479026e+00
1.372143500138348404e+00
1.416360644589449436e+00
1.419088891501788963e+00
1.426322378900447108e+00
1.431195719997723881e+00
1.490065108110432579e+00
1.527064964761191357e+00
1.529152534394428997e+00
1.568386446868895501e+00
1.585316781599730662e+00
1.612730725663179321e+00
1.627695941369346144e+00
1.652092489114672658e+00
1.757421457038557566e+00
1.827454355278349984e+00
1.913631240290481594e+00
1.917041883659851953e+00
1.983705418670175247e+00
1.998995668819566029e+00
2.038878889878398049e+00
2.054034603435499928e+00
2.085222612718427904e+00
2.119938521303624590e+00
2.124636303081655075e+00
2.126367464003901198e+00
2.134749659568092817e+00
2.160503305423664422e+00
2.165841843806544986e+00
2.176609304954167712e+00
2.187688981979491576e+00
2.195773783900804688e+00
2.260594406858943195e+00
2.318009764732276157e+00
2.351804169239755549e+00
2.386009529771822457e+00
2.469703579918646419e+00
2.516955573641767696e+00
2.552456683668264503e+00
2.566059752855502918e+00
2.582670920610527165e+00
2.611303638170969776e+00
2.625646515362445754e+00
2.648629523279304898e+00
2.733694856673418272e+00
2.737560882223514902e+00
2.756800881240670797e+00
2.792995735711000016e+00
2.854568448643220790e+00
2.865987689250394599e+00
2.870580350527744962e+00
2.953294293003259963e+00
3.013029528558746950e+00
3.015342192818481593e+00
3.032270099384136497e+00
3.047367574681393521e+00
3.073757616949988503e+00
3.097382608946408045e+00
3.165182648399679000e+00
3.265223700968595377e+00
3.266995956763433906e+00
3.372756830068470713e+00
3.409071787717039115e+00
3.419130456889874381e+00
3.480600765063012858e+00
3.510158362126299281e+00
3.540020598966484577e+00
3.545795477726825240e+00
3.560618382524909364e+00
3.562584541795057902e+00
3.589855339615737773e+00
3.589883774088745039e+00
3.623160970617333554e+00
3.693020828035251668e+00
3.729864239222989930e+00
3.738525816205355845e+00
3.744061788421871650e+00
3.753274472357874370e+00
3.755863821378706113e+00
3.784830990543061269e+00
3.790571332677056482e+00
3.819596035530645750e+00
3.863346225534382228e+00
3.933160690421618533e+00
4.004340292070745377e+00
4.062202648523151716e+00
4.090784779398128457e+00
4.105875902133914401e+00
4.139349282944936981e+00
4.157956074691072423e+00
4.167115525241689156e+00
4.179445675956917405e+00
4.192666381136689324e+00
4.284303949572256798e+00
4.324237595051905636e+00
4.389005502202654618e+00
4.415429933826938935e+00
4.441918300548411302e+00
4.544559394623646220e+00
4.557936562503950739e+00
4.561677404795059232e+00
4.604739191751902716e+00
4.688713458263603862e+00
4.697898240402616388e+00
4.737144890244024964e+00
4.741333529902202137e+00
4.749442895325920233e+00
4.790666198377776297e+00
4.810151527071944599e+00
4.867496011563861025e+00
4.914930424601349657e+00
5.024408794182909865e+00
5.033774394181076417e+00
5.054930251030550714e+00
5.081946525156953776e+00
5.105617802506353442e+00
5.124984236029617612e+00
5.146338786148876743e+00
5.189697455415465122e+00
5.190145725265903565e+00
5.250521819859885753e+00
5.251560415010771088e+00
5.268214155742471760e+00
5.302144998712923218e+00
5.337877410099003406e+00
5.382512368073123277e+00
5.388163962606637547e+00
5.403363708660049447e+00
5.426999171864887117e+00
5.482110536320618621e+00
5.492404083108975321e+00
5.507583955424263600e+00
5.528416628259889443e+00
5.554062054032667284e+00
5.658649399663264745e+00
5.682736165989887844e+00
5.728534656942999348e+00
5.845825823941413368e+00
5.886488273810085659e+00
5.888986916777526837e+00
5.941780920130859123e+00
5.966467440193659932e+00
5.994504591032189467e+00
6.013145871701467193e+00
6.026367556999864483e+00
6.029778229678043111e+00
6.039974448471786772e+00
6.069819195682606860e+00
6.080899579623157081e+00
6.092542443460597923e+00
6.112120927353196898e+00
6.239557580931307079e+00
6.248566559253736052e+00
6.318778646056132153e+00
6.368839182874418192e+00
6.373275326167380683e+00
6.382822000220416570e+00
6.417523889662067660e+00
6.457888114608440588e+00
6.488258863695696377e+00
6.490675713159355098e+00
6.596634224530155244e+00
6.658809981628789565e+00
6.739403951842436236e+00
6.744246686079311104e+00
6.860848664822166043e+00
6.916447431418665026e+00
6.974561384495371996e+00
7.030656841231728293e+00
7.074098818238547359e+00
7.174444740125353270e+00
7.208481336560844888e+00
7.263958254348103161e+00
7.287489746180859207e+00
7.323927442786977160e+00
7.380606490152107568e+00
7.417533439156179575e+00
7.418519731582099652e+00
7.422108605687975036e+00
7.432573372543709311e+00
7.596868453509756591e+00
7.609629730212685850e+00
7.671366955696079515e+00
7.681773614910846426e+00
7.703536573181648528e+00
7.727384691502192204e+00
7.796739828918972215e+00
7.814266671425907695e+00
7.871108706243441056e+00
7.891133002202061597e+00
7.926152069808964917e+00
7.930215214722664108e+00
7.942344255508989370e+00
7.969140962702623732e+00
8.007054415317751861e+00
8.012709390113499808e+00
8.039448849360823601e+00
8.132602677059596274e+00
8.151445804623611124e+00
8.229466689177948879e+00
8.242698257693207964e+00
8.360475914879836878e+00
8.364262845649458100e+00
8.400176512089286618e+00
8.404498854024964771e+00
8.440140691128883432e+00
8.577482784315384023e+00
8.638200987272977471e+00
8.733953126833503333e+00
8.859191011757909351e+00
8.947904526694939520e+00
8.952124630687031015e+00
8.972793252306635381e+00
8.998532586207671713e+00
8.998550555613558544e+00
9.022572224949707120e+00
9.045662116536089314e+00
9.087975666086038018e+00
9.106766834155036960e+00
9.113688874655469618e+00
9.133930691463671536e+00
9.164122497614458851e+00
9.204310049710379360e+00
9.213099126293300856e+00
9.301276508039180158e+00
9.340824093515653459e+00
9.363640187457221487e+00
9.390891418887976627e+00
9.423720423409909230e+00
9.424008693393231439e+00
9.427717242721751489e+00
9.474816525006048096e+00
9.477648713112762024e+00
9.573206250689070274e+00
9.610587853719817275e+00
9.720428383330055766e+00
9.745664021261637444e+00
9.761731139672859214e+00
9.814072588699424671e+00
9.823670458633419145e+00
9.906951954260673432e+00
9.935149960422270610e+00
9.938886416011387226e+00
9.953980586541268494e+00
9.966790667322253938e+00
9.987433625715537389e+00
9.998757949990064731e+00
